time_sent,temp,internal_resistance,p,innovation,time_recv,current,dt
1757097406.4531758,296.194,0.0180816299132983,7.21565785194883e-09,2722.8167648950607,1757097406.7033198,-28.61,1.2772371768951416
1757097407.7412944,296.23199999999997,0.02160015457917847,7.228392462092976e-09,2680.0335215237947,1757097407.9828188,-13.48,1.288118600845337
1757097409.0205815,296.269,0.022319125145563154,7.2428051075133616e-09,2659.593453504461,1757097409.3818777,-6.11,1.2792870998382568
1757097411.444681,296.382,0.026780252961468416,7.255560389957804e-09,3363.0641060716125,1757097411.6681323,13.52,2.4240994453430176
1757097412.7037024,296.42,0.03734713999903852,7.254715315209524e-09,2696.89997328083,1757097412.9370904,23.240000000000002,1.259021520614624
1757097413.9723449,296.461,0.07163974545992585,7.1080127817577225e-09,2730.846449018945,1757097414.302162,42.03,1.2686424255371094
1757097415.338644,296.547,0.18922206777158934,5.835690502023545e-09,3621.4928171060924,1757097415.6187732,74.59,1.3662991523742676
1757097416.6562326,296.592,0.23545000638606164,5.299944525266592e-09,2075.3941411202186,1757097416.8841915,64.83,1.3175885677337646
1757097417.9241738,296.642,0.27146225247795575,3.871369179736024e-09,1111.804275529078,1757097418.1778357,91.47,1.2679412364959717
1757097419.2144797,296.723,0.2954584644481729,3.832425363995811e-09,3533.015612802162,1757097419.4264011,42.1,1.2903058528900146
1757097420.4631326,296.77,0.32154308574148754,3.4309598241843055e-09,1364.2178015419931,1757097420.8432028,74.65,1.2486529350280762
1757097421.8798695,296.815,0.340886686550926,3.2286262398769404e-09,1380.2247417272074,1757097422.096544,65.89,1.4167368412017822
1757097423.1354883,296.896,0.3432266654412109,3.234759030194281e-09,4022.9534268128086,1757097423.4806528,13.4,1.2556188106536865
1757097424.5165503,296.935,0.34946074943940947,3.2342278301887386e-09,2355.253245785446,1757097424.7780335,28.6,1.3810620307922363
1757097425.8142426,296.973,0.35586458335820276,3.2335001179617473e-09,2387.9928707662866,1757097426.0970373,28.8,1.2976922988891602
1757097428.1567926,297.086,0.356425943165731,3.2399526431050407e-09,3416.8197899229312,1757097428.4359612,-7.15,2.342550039291382
1757097429.4712124,297.123,0.35691226057935094,3.2464114700616492e-09,2612.9765228305682,1757097429.6778922,-7.54,1.3144197463989258
1757097430.7117524,297.161,0.35924879054256414,3.2521293866918892e-09,2635.138385142668,1757097430.93322,16.52,1.2405400276184082
1757097431.9673986,297.199,0.36145077013545357,3.2579439341260277e-09,2625.562433381067,1757097432.348708,16.04,1.2556462287902832
1757097433.3836148,297.283,0.38253297615949966,3.2181265222513045e-09,3119.098490893513,1757097433.7406023,45.83,1.4162161350250244
1757097434.7755349,297.322,0.38825012191318764,3.218579366588523e-09,2338.1239472516663,1757097435.0419118,27.57,1.3919200897216797
1757097436.0768125,297.361,0.3886533137273023,3.218530071602566e-09,2404.3045343931303,1757097436.3054743,28.13,1.3012776374816895
1757097437.3407443,297.436,0.38899918166386765,3.224971886955415e-09,3869.1374028990303,1757097437.585343,5.29,1.2639317512512207
1757097441.6903546,297.586,0.389467217672752,3.231408221375462e-09,2868.208634072417,1757097441.9523518,-7.1000000000000005,4.349610328674316
1757097444.009278,297.661,0.39300030628057175,3.2360975934709386e-09,2642.0642073542613,1757097444.2664287,-20.32,2.3189234733581543
1757097445.3040302,297.738,0.395383726550174,3.2421914329868217e-09,3810.7748325655366,1757097445.5915794,-13.89,1.2947521209716797
1757097447.6481454,297.814,0.4034579032450906,3.2372699929358233e-09,2394.708596414439,1757097447.9458323,32.28,2.3441152572631836
1757097448.979724,297.854,0.41480079625561295,3.21125175020481e-09,1999.1731675647188,1757097449.2121184,42.03,1.3315784931182861
1757097450.2451317,297.936,0.4322858239302468,3.191632572306967e-09,3439.614387170097,1757097450.5007467,39.910000000000004,1.2654078006744385
1757097451.5347674,297.976,0.44400890997974357,3.160081339969954e-09,1913.7662013281138,1757097451.7829976,44.02,1.2896356582641602
1757097453.840564,298.054,0.45397976000179335,3.146374093406002e-09,2234.1571342472976,1757097454.2574286,37.660000000000004,2.3057966232299805
1757097456.3166852,298.169,0.4543151307769801,3.1526694663043104e-09,3353.660402598686,1757097456.5830884,-5.63,2.476121187210083
1757097457.6165113,298.206,0.4548927216079044,3.158939624164157e-09,2619.1211683967927,1757097457.8553555,-8.32,1.2998261451721191
1757097458.8906064,298.244,0.4575176095124072,3.164214086992075e-09,2557.321868609225,1757097459.1001408,-18.02,1.274095058441162
1757097464.2295601,298.468,0.4601130731939186,3.1698405077770632e-09,3067.6442601179106,1757097464.4753048,16.330000000000002,5.338953733444214
1757097465.5090294,298.505,0.46257991438259294,3.1752383372486574e-09,2528.4035504375815,1757097465.7682729,17.54,1.2794692516326904
1757097466.8029459,298.543,0.4652532485590294,3.1804888368475417e-09,2534.6942184127684,1757097467.0412383,18.21,1.2939164638519287
1757097472.1677775,298.766,0.4655362905075227,3.1868543653592924e-09,3162.2071265935488,1757097472.4084659,5.33,5.3648316860198975
1757097473.4426365,298.804,0.4657843468341375,3.193232617598511e-09,2693.529532862938,1757097473.7218962,5.33,1.2748589515686035
1757097474.75693,298.841,0.46601884168869045,3.199623618932138e-09,2627.585285064718,1757097475.0077248,5.33,1.314293622970581
1757097476.0428212,298.878,0.46602159613472743,3.2060273947774235e-09,2652.5790468158098,1757097476.345071,5.33,1.285891056060791
1757097477.3791394,298.952,0.4663590491788506,3.2124439706020264e-09,3715.1188955650364,1757097477.7062438,5.33,1.3363182544708252
1757097478.7431498,298.989,0.46659658867044684,3.2188733719241123e-09,2587.233544622274,1757097478.9901552,5.33,1.3640103340148926
1757097480.025712,299.027,0.46684623280684184,3.2253156243124525e-09,2687.3193373022077,1757097480.2558157,5.33,1.282562255859375
1757097481.2913926,299.101,0.4672024779545499,3.2317707533865243e-09,3839.1669224241464,1757097481.5485082,5.33,1.2656805515289307
1757097482.583918,299.138,0.46744358115050505,3.23823878481661e-09,2647.770805545461,1757097482.8146307,5.33,1.2925255298614502
1757097483.8507175,299.176,0.4724043065345009,3.2405148199850843e-09,2420.0442376583915,1757097484.1007562,25.16,1.2667994499206543
1757097485.1380062,299.255,0.49363851745818227,3.1859973413300234e-09,2744.9686604723784,1757097485.3865483,49.28,1.2872886657714844
1757097486.4234464,299.291,0.4956238768401754,3.1917176798191533e-09,2434.090314388427,1757097486.6697361,15.98,1.28544020652771
1757097488.7293375,299.363,0.4995607400469187,3.1954993965366053e-09,2438.148404502974,1757097489.0635884,22.490000000000002,2.3058910369873047
1757097490.0986652,299.399,0.5024785272004512,3.1906589043629347e-09,2048.9369320856536,1757097490.3353777,32.39,1.3693277835845947
1757097491.3721452,299.486,0.5111837878121258,2.6977006725306753e-09,424.0165320957781,1757097491.62629,87.23,1.27347993850708
1757097492.6634438,299.54200000000003,0.41458347117837246,1.7669901759034022e-09,-3904.9103124465346,1757097492.9134717,118.32000000000001,1.2912986278533936
1757097493.9473522,299.619,0.2329250440627117,6.550944750245766e-10,-8941.792802150796,1757097494.1754818,176.1,1.2839083671569824
1757097495.2098012,299.695,0.23497817545057428,6.559168125479319e-10,2925.634875864788,1757097495.487541,32.67,1.262449026107788
1757097496.5243728,299.746,0.19782429447470726,4.794128958927992e-10,-3262.431812584481,1757097496.782359,154.13,1.3145716190338135
1757097497.8184235,299.797,0.1829656300320901,3.97054940494401e-10,-1789.9762559791552,1757097498.051165,144.57,1.294050693511963
1757097499.0874438,299.845,0.18940701303168975,3.5159482629164466e-10,-1315.8483456825165,1757097499.3394783,134.85,1.2690203189849854
1757097500.3758798,299.925,0.19140111168637147,3.3994039229167224e-10,576.5778570720606,1757097500.6312182,100.79,1.288435935974121
1757097501.6693847,299.928,0.19140577276391652,3.406122829672013e-10,59.693037862140464,1757097501.891362,16.85,1.2935049533843994
1757097502.926926,299.931,0.19114091568774075,3.406478673918333e-10,-334.847065745061,1757097503.2365973,48.57,1.2575411796569824
1757097504.2740939,299.942,0.19128550968055738,3.4131007363117264e-10,1017.4359888389281,1757097504.5846713,20.47,1.34716796875
1757097506.6449249,299.98,0.19166221657657562,3.419045425706876e-10,1244.2123281729323,1757097506.9072266,29.580000000000002,2.37083101272583
1757097507.9409196,299.999,0.19200942937561064,3.425039492544768e-10,1193.2710164425512,1757097508.1549566,29.240000000000002,1.295994758605957
1757097509.1918972,300.045,0.19591715600307333,3.3706899272310293e-10,1593.47670836797,1757097509.4403038,85.29,1.2509775161743164
1757097511.4993205,300.123,0.19683928125727726,3.3762610237549713e-10,2672.3086968178345,1757097511.8418355,31.92,2.3074233531951904
1757097513.9008684,300.199,0.1976870523249622,3.381962248507381e-10,2596.2026006059245,1757097514.194348,31.060000000000002,2.401547908782959
1757097515.2299256,300.273,0.19773668304870623,3.3887381690175924e-10,3738.8996926824893,1757097515.4569037,-6.07,1.329057216644287
1757097516.4920974,300.312,0.19849782320588585,3.3946703874971187e-10,2586.227379664903,1757097516.7526374,29.38,1.262171745300293
1757097518.8090284,300.387,0.1991387536823763,3.400903708905726e-10,2676.5487903828125,1757097519.0535893,-26.490000000000002,2.3169310092926025
1757097520.0890749,300.426,0.19954666942328758,3.4059594548701186e-10,2495.7629139818328,1757097520.331706,-35.09,1.2800464630126953
1757097521.3662953,300.502,0.20016931098616358,3.412520056155229e-10,3804.7690800565124,1757097521.715916,-21.84,1.2772204875946045
1757097523.7751112,300.577,0.20031136400829924,3.4193320993747027e-10,2737.1197716189754,1757097524.125673,-12.290000000000001,2.408815860748291
1757097525.1617692,300.655,0.2022797672106951,3.4228931410895563e-10,3435.0896297709496,1757097525.5609863,-40.93,1.386657953262329
1757097526.5970335,300.697,0.20414077958483037,3.422527014178245e-10,2191.3662288091837,1757097526.855523,-49.81,1.4352643489837646
1757097527.8919609,300.741,0.20537921399223374,3.4271083550252576e-10,2597.5742752406572,1757097528.219083,-37.31,1.2949273586273193
1757097529.2552204,300.815,0.2054161027835004,3.4339753487710583e-10,3686.8969555575654,1757097529.4990542,5.34,1.3632595539093018
1757097530.536053,300.852,0.20544622769358498,3.440856100180895e-10,2673.0745850268318,1757097530.7749097,5.34,1.2808325290679932
1757097531.810863,300.889,0.20547633540206361,3.447750636809807e-10,2678.68466677784,1757097532.209883,5.34,1.2748100757598877
1757097533.2469294,300.963,0.2055152438625776,3.4546589862679936e-10,3577.6331090593535,1757097533.514489,5.34,1.4360663890838623
1757097534.554475,301.0,0.2055461593448545,3.4615811762209223e-10,2650.146171430825,1757097534.815135,5.34,1.3075456619262695
1757097535.8518367,301.037,0.20557630108316818,3.46851723438944e-10,2659.177110093765,1757097536.2789855,5.34,1.2973616123199463
1757097537.31527,301.111,0.20562010142167045,3.475466886713518e-10,3538.949765053223,1757097537.5478723,5.71,1.4634332656860352
1757097538.5845256,301.148,0.20565454084849286,3.482430092997105e-10,2683.140632734763,1757097538.7650416,6.08,1.2692556381225586
1757097539.8034515,301.185,0.20574094247398053,3.4893977258929596e-10,2719.261082422279,1757097540.019132,9.790000000000001,1.218925952911377
1757097541.0550642,301.222,0.2057028801646827,3.496386659512823e-10,2695.9368131623055,1757097541.3000128,7.49,1.251612663269043
1757097542.336807,301.3,0.20960426655692888,3.4888912832120094e-10,3248.806197803112,1757097547.5845718,58.69,1.281742811203003
1757097548.620568,301.525,0.2106093007445711,3.4945217817584373e-10,2736.1091542311924,1757097548.861908,32.49,6.283761024475098
1757097549.8982892,301.563,0.2112387021141233,3.5009257499139497e-10,2568.8522083350485,1757097550.1535952,26.44,1.2777211666107178
1757097551.189349,301.639,0.21173610418832944,3.5077712555654223e-10,3800.818867884656,1757097551.3989015,19.29,1.2910597324371338
1757097552.4364665,301.678,0.21315347269468204,3.5114042979869654e-10,2426.4858702238616,1757097552.6887972,40.730000000000004,1.247117519378662
1757097554.751289,301.753,0.21357457360947563,3.5181990619482033e-10,2728.68901207346,1757097555.059036,21.03,2.3148224353790283
1757097556.0968158,301.79200000000003,0.21467596383437548,3.5207726676554676e-10,2282.0849400934208,1757097556.379218,43.58,1.345526933670044
1757097557.4147003,301.876,0.21915022455811406,3.5085396636683626e-10,3227.5191675923134,1757097557.698345,62.83,1.3178844451904297
1757097558.7332,301.933,0.21619552829623911,3.180604601455128e-10,-536.6886642597474,1757097558.9899528,131.56,1.3184998035430908
1757097560.0264113,301.984,0.21765924847388954,3.1188470693807196e-10,565.1293172352966,1757097560.292373,90.99,1.2932112216949463
1757097561.3272917,302.024,0.217740555838306,3.1250807112653017e-10,1979.9968272458427,1757097561.5764503,11.41,1.3008804321289062
1757097562.6117666,302.043,0.21809327530919065,3.1304145366419027e-10,1159.3171099396784,1757097562.865688,31.2,1.2844748497009277
1757097565.9468315,302.116,0.2181680388721765,3.136677178883866e-10,2381.986898975532,1757097566.2648249,-10.22,3.3350648880004883
1757097567.2998881,302.19100000000003,0.2192633959572557,3.1420031200055766e-10,3529.486748612161,1757097567.523892,31.400000000000002,1.3530566692352295
1757097568.560548,302.23,0.22006673917192507,3.147295349150844e-10,2545.983007971536,1757097568.7707753,31.73,1.26065993309021
1757097569.805838,302.27,0.22126367331644872,3.1483188801981133e-10,1643.5449966403523,1757097570.068667,48.03,1.2452900409698486
1757097571.1039202,302.291,0.22013250732143488,3.1546104263371934e-10,1485.3239575728408,1757097571.3497732,11.55,1.2980821132659912
1757097572.385563,302.337,0.22155184724480737,3.154144938595231e-10,1727.7047112659861,1757097572.6134105,51.08,1.2816426753997803
1757097573.648625,302.359,0.22201089103522806,3.15924547349366e-10,1319.567435971805,1757097573.9246507,33.25,1.2630620002746582
1757097581.0949984,302.569,0.22264848203569865,3.1646502543288854e-10,2098.0673707584783,1757097581.4831643,31.01,7.446373462677002
1757097582.5157318,302.647,0.22312374305623445,2.967979531652501e-10,108.67968850005582,1757097582.7372756,121.19,1.4207334518432617
1757097583.7698882,302.692,0.22264208834138624,2.844888425862901e-10,-136.02532058658426,1757097584.0133512,111.13,1.2541563510894775
1757097585.0458164,302.746,0.21093861481590362,2.555115367275193e-10,-2367.0038110739524,1757097585.3095472,141.92000000000002,1.275928258895874
1757097586.3427246,302.813,0.21206529487932665,2.5572089633405743e-10,2046.5668386424495,1757097586.5933876,46.37,1.2969081401824951
1757097587.6271536,302.824,0.2121218574724651,2.562281703414067e-10,719.6450538182751,1757097587.8715858,16.77,1.2844290733337402
1757097588.9077225,302.835,0.21229992380473447,2.564471112741035e-10,331.71414852091834,1757097589.1795635,45.99,1.2805688381195068
1757097591.2391427,302.871,0.2123356511122732,2.553107441646934e-10,27.841469085489962,1757097591.5871046,70.82000000000001,2.3314201831817627
1757097592.621959,302.89300000000003,0.2104706212106973,2.5051834209246237e-10,-820.2441574106833,1757097592.863799,95.38,1.3828163146972656
1757097593.9026465,302.942,0.18197694821416827,2.020278875589429e-10,-4537.566679206296,1757097594.157504,176.3,1.2806875705718994
1757097595.1983945,302.96500000000003,0.18204340259545732,2.0242668088631947e-10,813.6568336428106,1757097595.4611342,19.62,1.295747995376587
1757097600.591444,302.978,0.1820531793976225,2.0282668465202011e-10,175.16926327111906,1757097600.8990653,-19.26,5.393049478530884
1757097601.9343557,302.98,0.1820521034822899,2.0323303620851357e-10,196.36826957974515,1757097602.2110403,-7.26,1.342911720275879
1757097603.2468064,302.987,0.18206721773230725,2.0363722824613766e-10,309.8123230837999,1757097603.5339956,16.52,1.312450647354126
1757097604.5678246,302.992,0.18181552224103548,2.0383818472046834e-10,-559.4284007190859,1757097604.822427,47.24,1.3210182189941406
1757097605.8577034,302.983,0.18181395623079233,2.042465738478937e-10,-591.9898545643289,1757097606.0905745,-7.07,1.2898788452148438
1757097610.1941595,302.947,0.18156568236294077,2.0451803959116726e-10,-658.269904602219,1757097610.4984107,42.6,4.336456060409546
1757097611.533591,302.948,0.18145476204556557,2.0478375382701575e-10,-303.63632708425706,1757097611.8330858,43.050000000000004,1.3394315242767334
1757097612.8675835,302.949,0.18128550145028807,2.0499132267412685e-10,-365.44500246183065,1757097613.1306512,46.86,1.3339924812316895
1757097614.170242,302.953,0.18129967920462445,2.053991923357242e-10,178.67709784873497,1757097614.475675,16.240000000000002,1.3026585578918457
1757097615.5113523,302.96,0.18061323842692945,2.0465034313819152e-10,-639.3177023266969,1757097615.8019817,72.45,1.3411102294921875
1757097616.8376522,302.96500000000003,0.18054067762990245,2.0484895488348377e-10,-150.81095169561172,1757097617.1126013,47.37,1.3262999057769775
1757097618.1474934,302.968,0.18054884355236295,2.0525546796906253e-10,139.72785528524292,1757097618.3956466,17.56,1.3098411560058594
1757097619.4321313,302.969,0.18055237039985264,2.0566651150853186e-10,139.17949140748033,1757097619.7231472,-9.1,1.2846379280090332
1757097620.75893,302.97,0.180551641150367,2.060785373173469e-10,143.09944719987888,1757097620.9934962,-7.46,1.326798677444458
1757097622.0292773,302.972,0.18055888911498477,2.0648625050570128e-10,122.45170645741865,1757097622.274373,-18.75,1.2703473567962646
1757097623.311867,302.978,0.18054239699243882,2.0673620394129851e-10,-43.50509299905838,1757097623.5881217,-44.24,1.2825896739959717
1757097624.6251051,302.981,0.18053580857816884,2.0713314630197444e-10,-31.814243779783965,1757097624.8923092,-25.22,1.3132381439208984
1757097626.9535272,302.977,0.1805325905342467,2.075448601703096e-10,-127.39840922328983,1757097627.205193,16.740000000000002,2.3284220695495605
1757097628.24185,302.976,0.18023345882268882,2.0764456605243602e-10,-527.7445309467859,1757097628.5379527,52.02,1.2883226871490479
1757097629.5752566,302.979,0.17955422795850356,2.0759733995614407e-10,-993.8731170615774,1757097629.8288329,57.230000000000004,1.333406686782837
1757097630.867885,302.983,0.17089515676829506,1.9922925909124054e-10,-2983.8668797972887,1757097631.1214526,120.66,1.292628526687622
1757097632.1609209,303.04200000000003,0.14026682069687746,1.5468575403640588e-10,-5190.967657894661,1757097632.4520516,195.32,1.2930357456207275
1757097633.4885154,303.063,0.12973933248452962,1.4284718557319362e-10,-3147.150740216279,1757097633.8079367,153.05,1.327594518661499
1757097634.8441014,303.084,0.11489532837001858,1.2919926836030343e-10,-4185.721888650618,1757097635.1162899,165.68,1.355586051940918
1757097636.1539977,303.028,0.11439603524392018,1.2943166220915743e-10,-3094.83329411613,1757097636.411508,35.47,1.3098962306976318
1757097637.4490347,302.997,0.11403802432644639,1.2966702628580435e-10,-2335.882939502141,1757097637.7678592,34.57,1.295037031173706
1757097638.8035462,302.966,0.11368414663009158,1.2990280248635238e-10,-2293.5335361557795,1757097639.0635695,34.56,1.3545114994049072
1757097642.147,302.89300000000003,0.11367379539938917,1.3016310821407703e-10,-1369.3734308377175,1757097642.4593432,-5.9,3.343453884124756
1757097643.494923,302.879,0.11366348427778694,1.3042390539312185e-10,-914.7796257614422,1757097643.7443051,-7.390000000000001,1.3479230403900146
1757097645.8049164,302.869,0.11365574157168078,1.3067576235390215e-10,-43.66092263049674,1757097646.0818105,27.32,2.309993267059326
1757097647.1170626,302.886,0.11303772725026862,1.2908074637839474e-10,-459.9271684360119,1757097647.4082754,102.38,1.3121461868286133
1757097648.4423292,302.907,0.11323392506457094,1.292010838308142e-10,521.6632581494775,1757097648.6756666,53.64,1.3252665996551514
1757097650.7338748,302.918,0.11327462322694697,1.2944567243141743e-10,372.76969393038695,1757097650.9715054,30.41,2.2915456295013428
1757097652.007295,302.939,0.11264226957407834,1.2733752667136176e-10,-411.7402731342179,1757097652.3385484,109.42,1.2734200954437256
1757097654.3987365,302.963,0.11266524956282022,1.2759017442892495e-10,501.2344327696197,1757097654.7056224,-19.87,2.391441583633423
1757097655.7412062,302.966,0.11267922405184747,1.2784355581661717e-10,191.90543547287538,1757097656.0077024,-19.39,1.3424696922302246
1757097657.043453,302.968,0.11267128532919968,1.280997143281912e-10,200.73697948477366,1757097657.2986276,-7.07,1.3022468090057373
1757097659.3572087,302.975,0.1126795334275928,1.2835071114590854e-10,126.0988832637517,1757097659.6452236,24.27,2.313755750656128
1757097660.6775706,302.98199999999997,0.11248504033024175,1.2817227625812135e-10,-295.8777939833374,1757097660.9393077,71.7,1.320361852645874
1757097661.9735548,302.995,0.11178001788998877,1.2697116495345247e-10,-591.3606206545428,1757097662.2702987,97.24000000000001,1.2959842681884766
1757097663.3044896,302.998,0.1117857586615747,1.2722329021109476e-10,119.40514232849861,1757097663.5572367,-19.47,1.330934762954712
1757097664.591236,302.998,0.11179055870079867,1.2747814336231708e-10,54.95923067247821,1757097664.88827,-8.93,1.2867465019226074
1757097665.9230678,302.998,0.11179043354153352,1.2773355322824654e-10,57.24588394347822,1757097666.1771743,-7.7,1.331831693649292
1757097667.2122009,303.017,0.11087661858856666,1.258636953915369e-10,-631.7193572994954,1757097667.4615037,-107.18,1.289133071899414
1757097668.4981089,303.038,0.11025826313456319,1.2432706238441867e-10,-468.1876840875302,1757097668.7731426,-103.35000000000001,1.2859079837799072
1757097669.8074079,303.041,0.11025119140134797,1.2456801656264767e-10,-97.2882737358632,1757097670.1064606,-26.96,1.3092989921569824
1757097671.1452727,303.036,0.11019714135895092,1.2479835934225726e-10,-380.5879499842898,1757097671.3908472,33.36,1.337864875793457
1757097672.4258833,303.035,0.11006991014358053,1.24950487972075e-10,-415.78697054661757,1757097672.7091374,50.04,1.2806105613708496
1757097673.745359,303.031,0.11006839704799681,1.252008435044657e-10,-235.71015206365644,1757097674.062031,7.37,1.3194756507873535
1757097675.099245,303.027,0.11005117114073651,1.2544679025422785e-10,-267.44490834865576,1757097675.3955166,23.69,1.3538861274719238
1757097679.5033743,303.015,0.1100261632536428,1.256900607131563e-10,-264.43862718327273,1757097679.800897,26.78,4.404129266738892
1757097680.8365066,303.014,0.10997651205396203,1.2590438815582022e-10,-276.04408013471374,1757097681.1349297,39.230000000000004,1.333132266998291
1757097682.1751173,303.013,0.10975065194378117,1.2594926138761582e-10,-503.97150624454343,1757097682.465003,60.11,1.3386106491088867
1757097683.5003483,303.011,0.10974544299029022,1.2620086912176586e-10,-161.5605127396408,1757097683.737026,-14.950000000000001,1.3252310752868652
1757097685.7980874,303.007,0.1097354387976934,1.264429738516805e-10,-140.10290756164332,1757097686.10382,28.67,2.297739028930664
1757097687.1402237,303.007,0.10970054517331368,1.2664572060293392e-10,-175.35350967173912,1757097687.45672,42.15,1.3421363830566406
1757097688.4933767,303.022,0.10792772698672547,1.2394016972614766e-10,-1042.4528247153237,1757097688.762071,117.12,1.3531529903411865
1757097689.8006055,303.029,0.10744794156638514,1.2383832280489227e-10,-815.7178500458333,1757097690.1875749,69.08,1.3072288036346436
1757097691.2252202,303.001,0.10744456082071085,1.2408647837196002e-10,-1303.0255397030592,1757097691.5216243,-5.8,1.424614667892456
1757097693.5810285,302.973,0.10729361876470672,1.243175616952361e-10,-1103.8766921127256,1757097693.8376517,32.660000000000004,2.3558082580566406
1757097694.8742673,302.96,0.10721597870622884,1.245514584296989e-10,-599.7060179807387,1757097695.1944714,31.48,1.293238878250122
1757097696.230987,302.953,0.10721831358777374,1.2480102953790657e-10,-302.8256437516836,1757097696.4715416,-6.68,1.356719732284546
1757097697.5085554,302.95,0.10718868390030181,1.2503873449121073e-10,-281.27132552184577,1757097697.7665498,29.84,1.2775683403015137
1757097698.8036134,302.955,0.10659920077828135,1.2453588924250784e-10,-682.7001157037791,1757097699.063136,83.36,1.295058012008667
1757097700.098161,302.961,0.10574992886621587,1.2376898571043682e-10,-1434.2068342262405,1757097700.3279908,90.07000000000001,1.2945475578308105
1757097701.365133,302.923,0.10570427472597785,1.2401647952518076e-10,-1967.2974169353001,1757097701.6242826,13.69,1.2669720649719238
1757097702.660903,302.906,0.10502806601226272,1.2409396712787628e-10,-1625.824979522668,1757097702.9215553,57.71,1.2957699298858643
1757097703.9585063,302.888,0.1047774297763917,1.243123449742613e-10,-1450.9763157943207,1757097704.2810926,37.42,1.2976033687591553
1757097707.366941,302.867,0.104549707910288,1.2440378085252673e-10,-580.3046693046646,1757097707.66306,56.480000000000004,3.4084346294403076
1757097708.6978,302.867,0.10452889117529872,1.2462793743809517e-10,-133.119729668913,1757097708.966326,35.67,1.3308589458465576
1757097710.0026207,302.867,0.10453690522811342,1.248487563725353e-10,40.59810093308698,1757097710.2930152,36.910000000000004,1.3048207759857178
1757097711.3299851,302.885,0.10412459153758212,1.23518841996402e-10,-332.57653071136974,1757097711.5740597,100.56,1.327364444732666
1757097712.6109707,302.898,0.10400656112907886,1.23035301829236e-10,-133.0662791571467,1757097712.90673,83.24,1.2809855937957764
1757097713.9424906,302.907,0.1040341797490582,1.230549415326197e-10,50.80560382540483,1757097714.1937926,62.190000000000005,1.3315198421478271
1757097716.2530546,302.922,0.10405930030653229,1.2329796380252535e-10,489.65169817214587,1757097716.5652306,22.03,2.3105640411376953
1757097717.601131,302.929,0.1041171219363298,1.2351861601411287e-10,351.3467552819571,1757097717.955482,36.28,1.348076343536377
1757097718.991679,302.935,0.10413215217303061,1.2376534772452167e-10,429.4882590532239,1757097719.3029401,15.120000000000001,1.3905479907989502
1757097720.3392067,302.939,0.10412535633869446,1.2401244956055746e-10,-152.69040065146788,1757097720.5723238,15.66,1.3475277423858643
1757097721.609001,302.932,0.1040182270559295,1.2422820398221949e-10,-617.5500538070615,1757097722.21182,38.17,1.269794225692749
1757097723.2525282,302.922,0.10400263525236444,1.2447602921639866e-10,-516.7822914277311,1757097723.518068,16.43,1.6435272693634033
1757097724.5550275,302.915,0.1039322200167592,1.2469037887662943e-10,-361.8270037067407,1757097724.8586652,38.76,1.3024992942810059
1757097725.8943286,302.916,0.10390729167865184,1.2490408276626354e-10,-119.40812165717082,1757097726.1388247,39.02,1.3393011093139648
1757097727.1752083,302.916,0.10387954674545456,1.2511557256980135e-10,-154.58915307965222,1757097727.4574535,39.68,1.2808797359466553
1757097728.494149,302.915,0.10387833467601479,1.253651626956894e-10,-49.26920594296415,1757097728.8038375,16.42,1.3189406394958496
1757097729.8414915,302.914,0.10388526548809038,1.256150868607986e-10,145.55701715695463,1757097730.09479,16.97,1.3473424911499023
1757097731.1325665,302.921,0.10390421396663008,1.258655035535114e-10,391.6816287303361,1757097731.4381084,16.98,1.2910749912261963
1757097732.4723363,302.925,0.10390164346549094,1.261177126782763e-10,320.1423630552502,1757097732.7388055,6.38,1.3397698402404785
1757097733.7753754,302.928,0.10390150648649335,1.2637042712642977e-10,292.8723900998351,1757097734.1825922,6.38,1.3030390739440918
1757097735.220043,302.93399999999997,0.1039009094193104,1.266236594809389e-10,234.85458780072221,1757097735.5076315,5.53,1.4446675777435303
1757097736.5453699,302.935,0.10390310767092453,1.2687210029689533e-10,42.631717270039765,1757097736.804873,23.97,1.325326919555664
1757097737.8456712,302.936,0.1039031743681307,1.271211852597177e-10,44.158636621795715,1757097738.0896554,23.78,1.3003013134002686
1757097739.1266117,302.937,0.10390321434870077,1.2737074907988407e-10,44.62719441601569,1757097739.3817132,23.78,1.2809405326843262
1757097740.4184103,302.942,0.10393794411192618,1.275868008324067e-10,191.67553459948132,1757097740.6841702,39.39,1.2917985916137695
1757097741.7188036,302.945,0.10394120072242077,1.27842468308188e-10,287.06180772984214,1757097741.9922507,5.72,1.3003933429718018
1757097743.0282736,302.952,0.10397736336088734,1.2794748436525592e-10,96.15090166325137,1757097743.3067355,55.11,1.3094699382781982
1757097744.3425612,302.983,0.10139967822422527,1.2405852291273582e-10,-1288.3372371494825,1757097744.5980585,127.06,1.3142876625061035
1757097745.633451,302.991,0.09696258317196053,1.196558277304926e-10,-2097.122082705051,1757097745.9160357,132.98,1.2908897399902344
1757097746.9497414,302.997,0.09359776547225757,1.1656058856189235e-10,-1867.2561392316818,1757097747.1910846,124.29,1.3162903785705566
1757097748.2263372,303.013,0.09184188715985896,1.1469166216095575e-10,-1223.550479235622,1757097748.5163274,111.93,1.2765958309173584
1757097749.5518894,303.011,0.08985165362220068,1.1376738263067455e-10,-1860.1923341318152,1757097749.7743633,96.93,1.325552225112915
1757097750.810167,302.999,0.08736838773801939,1.1272267852591899e-10,-2212.125415526526,1757097751.094097,99.76,1.2582776546478271
1757097752.1301804,302.954,0.08714228894586737,1.129393652381258e-10,-2372.8028376602033,1757097752.4109585,29.150000000000002,1.3200132846832275
1757097753.4463048,302.93,0.08697261414598124,1.1315643805640778e-10,-1739.66026860325,1757097753.7192771,29.16,1.316124439239502
1757097754.755715,302.906,0.08688991790637911,1.1337655315716154e-10,-981.9618648218126,1757097755.015742,26.82,1.3094100952148438
1757097756.0521352,302.9,0.08695941227272529,1.1360303479735804e-10,-392.9808348920504,1757097756.3781314,15.4,1.2964203357696533
1757097757.414437,302.892,0.08694827520234326,1.138299935475243e-10,-442.3230565894366,1757097757.7584043,15.26,1.3623018264770508
1757097758.7949653,302.886,0.08693982783419206,1.1405739875073024e-10,-381.4828312526647,1757097759.0851567,15.290000000000001,1.380528211593628
1757097760.1224418,302.885,0.08694146977030061,1.1428592619220702e-10,220.32815514765005,1757097760.413502,-7.640000000000001,1.3274765014648438
1757097761.4499152,302.89,0.08694881159984166,1.1451444218045952e-10,388.69263324373253,1757097761.7270985,14.07,1.3274734020233154
1757097763.7893827,302.899,0.08696179593137131,1.1474299606280425e-10,385.9808362751025,1757097764.1196475,-16.32,2.3394675254821777
1757097765.1565683,302.91,0.08696646792638141,1.1497283199438722e-10,616.8266028377093,1757097765.4185705,-9.55,1.3671855926513672
1757097766.4549048,302.91700000000003,0.08700063927021262,1.1519898031941996e-10,469.5435376244894,1757097766.767073,-23.8,1.2983365058898926
1757097767.8044033,302.923,0.08702704112050055,1.1542596011821281e-10,434.1329687890642,1757097768.0761466,-23.23,1.3494985103607178
1757097769.1136405,302.929,0.08700365779806848,1.1565721680079566e-10,480.8451951160826,1757097769.3714864,-8.11,1.3092372417449951
1757097770.408645,302.944,0.08716418609306266,1.1575025445518511e-10,441.0574067235577,1757097770.7290792,56.71,1.2950043678283691
1757097771.764742,302.956,0.08724648688780295,1.1558541303534688e-10,137.53252744427851,1757097772.0232997,73.76,1.3560969829559326
1757097773.0580056,302.964,0.08723207212152669,1.1577480436041762e-10,350.7279139652546,1757097773.345662,42.13,1.2932636737823486
1757097774.3801153,302.981,0.08730304735170553,1.1595974896860286e-10,336.7634773553566,1757097774.6541252,43.25,1.3221096992492676
1757097775.6889803,302.984,0.08719265385932233,1.1600428133849768e-10,-247.8734416383751,1757097775.951689,61.1,1.3088650703430176
1757097776.9880676,302.985,0.08715325256990943,1.1618240377998673e-10,-157.66107731234376,1757097777.2571762,44.79,1.2990872859954834
1757097778.2936218,302.984,0.08709626391000769,1.163575850816491e-10,-223.8603114487667,1757097778.558273,45.42,1.3055541515350342
1757097779.5942082,302.983,0.08709965754832881,1.1658894995719308e-10,-8.034634461448764,1757097779.8307197,19.12,1.300586462020874
1757097780.8662443,302.983,0.0871004220090535,1.1682251767770997e-10,47.946372612173924,1757097781.127186,8.68,1.272036075592041
1757097782.1624837,302.985,0.08710360676150761,1.1705479973529378e-10,84.28541392014412,1757097782.4421194,19.12,1.2962393760681152
1757097783.4784138,302.987,0.08708380404374114,1.1722966680502147e-10,-66.29602671194002,1757097783.7352915,45.65,1.3159301280975342
1757097784.7709901,302.988,0.08708253642116999,1.1746263756329e-10,57.31529737860536,1757097785.0999749,19.41,1.2925763130187988
1757097788.1838756,302.987,0.0870803936693824,1.1769793821666815e-10,40.30194721108541,1757097788.4309897,-9.11,3.4128854274749756
1757097789.4662347,302.987,0.08708055641025114,1.179337641218625e-10,86.15758615652184,1757097789.7247481,7.4,1.2823591232299805
1757097790.7602925,302.988,0.08708062710860692,1.1817007602278248e-10,117.86645077666519,1757097791.0197217,6.71,1.294057846069336
1757097792.0542662,302.989,0.08708499202475806,1.1840133413528307e-10,66.97593912703677,1757097792.3237884,25.09,1.293973684310913
1757097793.358972,302.991,0.08708717797348162,1.1863333867588632e-10,98.8543320832438,1757097793.6213057,24.740000000000002,1.3047058582305908
1757097794.6550171,302.991,0.08709037939407892,1.1887106215563735e-10,87.77680747986952,1757097794.9606962,6.03,1.2960450649261475
1757097795.9954467,302.994,0.08709778855915797,1.190729003671917e-10,40.84040329676665,1757097796.3106258,40.02,1.3404295444488525
1757097797.3454657,302.999,0.08708552111209611,1.191676577315767e-10,-38.19606243522014,1757097797.640726,56.4,1.3500189781188965
1757097798.679146,303.001,0.08709429269891932,1.1940531037343058e-10,126.02232511590098,1757097798.9415665,16.89,1.3336803913116455
1757097799.976689,303.005,0.08692559973849347,1.1947968260780957e-10,-405.106636198634,1757097800.286591,58.28,1.2975430488586426
1757097801.3226848,302.995,0.08677578051429449,1.1966931539846268e-10,-691.1800080656301,1757097801.6264863,43.18,1.3459956645965576
1757097802.6608572,302.989,0.08676170522534421,1.1990741648560236e-10,-441.49139078076354,1757097802.926736,18.59,1.338172435760498
1757097803.9608653,302.985,0.08646065774324896,1.1995116016494003e-10,-675.7485196801167,1757097804.254305,60.77,1.3000080585479736
1757097805.29051,302.978,0.08645815167864074,1.2019143703508983e-10,-179.3419886555647,1757097805.5893412,-9.26,1.3296446800231934
1757097806.625291,302.977,0.08646001178171762,1.2043220130047647e-10,1.1761868181992385,1757097806.839292,-9.120000000000001,1.3347811698913574
1757097807.8763268,302.977,0.086458677926665,1.2066757293867466e-10,-17.103330110347947,1757097808.098324,25.310000000000002,1.2510356903076172
1757097809.1356132,302.977,0.08646015729113952,1.2090937161317925e-10,35.07597156965207,1757097809.3743258,6.09,1.2592864036560059
1757097810.4113662,302.977,0.08646089348131683,1.2115156610760966e-10,85.63681183165207,1757097810.661963,9.28,1.2757530212402344
1757097811.6972063,302.978,0.08646172522537969,1.2139412293460017e-10,113.29536198585043,1757097811.967468,11.200000000000001,1.2858400344848633
1757097813.006675,302.979,0.08646168422456153,1.2163717554035595e-10,112.98958867060446,1757097813.2892652,11.07,1.3094687461853027
1757097814.3270662,302.98199999999997,0.08646698427642877,1.2187330893762296e-10,79.96797060807118,1757097814.5923688,26.77,1.3203911781311035
1757097815.6303015,302.98199999999997,0.0864671507526397,1.2210562615990391e-10,-26.10069687391318,1757097815.9395568,29.900000000000002,1.3032352924346924
1757097816.977824,302.984,0.08646944180077397,1.2232434050940049e-10,-3.46308456652217,1757097817.2380705,36.300000000000004,1.347522497177124
1757097818.2751846,302.986,0.08647439074935973,1.2256087554448485e-10,47.3375319333047,1757097818.5358047,27.51,1.2973606586456299
1757097819.572575,302.988,0.08645451981035679,1.2277705137559922e-10,-90.23613464336968,1757097819.8845146,37.38,1.2973904609680176
1757097820.922115,302.987,0.08642622695927409,1.2300183350364947e-10,-163.04185345341494,1757097821.2184055,34.43,1.3495399951934814
1757097822.2537255,302.983,0.08642722862071532,1.232480406213347e-10,-162.86966741623326,1757097822.5081296,11.75,1.3316104412078857
1757097823.5443532,302.981,0.08642822313245413,1.234947429372935e-10,-104.74935593142301,1757097823.8585885,11.72,1.2906277179718018
1757097826.9401047,302.98,0.08643103484155394,1.2374199827600195e-10,68.3669932833458,1757097827.2257798,11.06,3.395751476287842
1757097828.2620664,302.983,0.08644177980002413,1.2397205647376972e-10,87.99925475530551,1757097828.46666,32.86,1.3219616413116455
1757097829.499792,302.987,0.0864050050043624,1.2415228179516621e-10,-134.02417330266644,1757097829.7484906,45.86,1.2377257347106934
1757097830.78318,302.984,0.08640320679312348,1.2439991168734357e-10,-198.40928700902236,1757097831.0235631,16.59,1.2833878993988037
1757097832.0583124,302.981,0.086359387019673,1.2461965424282104e-10,-294.43644845716585,1757097832.3235102,37.14,1.275132417678833
1757097833.3580632,302.977,0.08632461480900164,1.248543911092222e-10,-288.91774486811613,1757097833.6265907,31.32,1.299750804901123
1757097834.659686,302.976,0.08626926250278065,1.250598263053053e-10,-239.82463951666398,1757097834.9094553,41.13,1.3016228675842285
1757097835.9443555,302.974,0.08623452114804411,1.2528686082190543e-10,-231.036080924197,1757097836.2803824,35.01,1.2846693992614746
1757097837.316159,302.969,0.08619117273655533,1.2552097558837995e-10,-298.1528923418588,1757097837.6102126,32.21,1.3718035221099854
1757097838.6464782,302.967,0.08618671539574255,1.2577196500256e-10,-139.34529490268454,1757097838.9032798,13.69,1.3303191661834717
1757097839.9396973,302.964,0.08618232856265863,1.260171921084794e-10,-92.88958295257932,1757097840.1683476,25.6,1.2932190895080566
1757097841.204906,302.964,0.08618028942508364,1.262697011344542e-10,52.46070177852173,1757097841.4583695,6.61,1.2652087211608887
1757097842.4944618,302.964,0.08618091545777742,1.2652224874411818e-10,41.02752004452173,1757097842.7388673,13.280000000000001,1.2895557880401611
1757097843.7749157,302.964,0.08618090326260403,1.267753241261236e-10,41.39154436452173,1757097844.0199454,13.120000000000001,1.2804539203643799
1757097845.0571527,302.964,0.08618267381289381,1.2702308997661238e-10,33.70666833852172,1757097845.3080876,24.990000000000002,1.2822370529174805
1757097846.3452077,302.968,0.08619650397856839,1.272547526644176e-10,109.0887902198341,1757097846.6080887,34.480000000000004,1.2880549430847168
1757097847.645301,302.969,0.08620345178274655,1.2750840145132909e-10,93.23210109189566,1757097847.9312553,17.04,1.300093412399292
1757097848.9678385,302.97,0.08620345715285528,1.277625335966493e-10,92.53858312854284,1757097849.2328353,17.1,1.3225374221801758
1757097850.2700527,302.972,0.08620456824459688,1.280176585010554e-10,151.25057638665203,1757097850.529757,15.36,1.3022141456604004
1757097851.5665386,302.974,0.08620958469132325,1.282674550398327e-10,116.64801763749242,1757097851.8565311,25.310000000000002,1.2964859008789062
1757097852.8933954,302.976,0.08621947184053033,1.285177685442037e-10,115.41459115228156,1757097853.1469781,25.27,1.3268568515777588
1757097854.1847801,302.98,0.08623111058920221,1.2876870596332664e-10,136.62865149924528,1757097854.467329,25.13,1.2913846969604492
1757097855.5028045,302.98,0.08623096733619741,1.2902645908755875e-10,55.81254011091312,1757097855.7699733,11.59,1.3180243968963623
1757097857.8316784,302.98,0.08623032041498323,1.292850041275427e-10,64.05955144191311,1757097858.1137848,6.22,2.328873872756958
1757097859.1499097,302.98,0.08623029225958362,1.295440717000793e-10,64.37360110191312,1757097859.3985648,5.92,1.3182313442230225
1757097862.4789748,302.98199999999997,0.08623063965313492,1.2980365166335284e-10,122.21096455820445,1757097862.7639112,-6.3500000000000005,3.3290650844573975
1757097863.798464,302.983,0.08623042376716014,1.3006376856409364e-10,129.8062228508203,1757097864.0826132,-5.01,1.3194892406463623
1757097865.117751,302.985,0.08623180849674586,1.3032429572357391e-10,163.95198921256198,1757097865.3931751,9.200000000000001,1.319286823272705
1757097867.4465387,302.987,0.08623146617093005,1.3058535377728672e-10,137.99935590636855,1757097867.7020843,-9.02,2.3287878036499023
1757097868.7353888,302.989,0.08623718448075633,1.3084435755286106e-10,138.51533817503972,1757097868.9772863,-19.91,1.2888500690460205
1757097870.01204,302.993,0.08620909514554348,1.310453912572626e-10,-124.97562510145315,1757097870.2940009,-43.44,1.27665114402771
1757097871.3265183,302.992,0.08607495088544041,1.3116910618280582e-10,-362.55069455301293,1757097871.5876527,-53.29,1.3144783973693848
1757097872.6227338,302.992,0.08601171060418485,1.313748368177893e-10,-243.9154404880434,1757097872.8650215,-42.65,1.296215534210205
1757097873.90128,302.989,0.08599807979115527,1.3163509429627084e-10,-216.95788687291972,1757097874.1940684,-20.43,1.2785460948944092
1757097875.2296097,302.986,0.08598357915478996,1.3187958072455307e-10,-118.1737231563516,1757097875.515246,32.46,1.3283298015594482
1757097876.5521002,302.99,0.085919554374682,1.3191674257719799e-10,-126.9419332446715,1757097876.799142,60.08,1.3224904537200928
1757097877.8349123,302.996,0.08578374380755965,1.317080293277667e-10,-198.45845312987487,1757097878.1231978,72.2,1.2828121185302734
1757097879.1586242,303.001,0.08588779247960052,1.3177827088165504e-10,-73.2333246600599,1757097879.41577,57.77,1.32371187210083
1757097880.4498448,303.007,0.08576020621242114,1.3162339341673542e-10,-200.84294816217408,1757097880.6551282,70.07000000000001,1.2912206649780273
1757097881.6924036,303.019,0.08507260971878014,1.299313583778106e-10,-495.2043002600019,1757097881.9709427,103.36,1.2425587177276611
1757097883.0078275,303.03,0.08461184439972978,1.288358657114941e-10,-395.5271660108988,1757097883.3307538,94.82000000000001,1.3154239654541016
1757097884.367049,303.039,0.08461901341136047,1.2907446025335293e-10,64.39696697931443,1757097884.614729,32.93,1.3592214584350586
1757097886.6758587,303.03,0.0846169120249245,1.293329970180829e-10,-271.3680837918157,1757097886.9459364,-9.38,2.308809757232666
1757097887.9809597,303.026,0.08461161686097922,1.2959107801577597e-10,-252.3764934105895,1757097888.2590055,16.01,1.305100917816162
1757097889.2968879,303.019,0.0845753932234828,1.298410668061676e-10,-351.1606683309545,1757097889.535778,27.55,1.3159282207489014
1757097891.5953057,303.013,0.08457356191638453,1.3010023043345765e-10,-199.74186059581245,1757097891.9574237,15.74,2.298417806625366
1757097892.9918833,303.01,0.08454819692133297,1.3035144426103698e-10,-223.6079875464116,1757097893.326381,27.35,1.3965775966644287
1757097894.36208,303.003,0.08454721253630496,1.3061245985920592e-10,-192.47213714360618,1757097894.6744685,10.53,1.37019681930542
1757097895.7098508,303.002,0.08454973719107968,1.3087399769391516e-10,-18.110481253153587,1757097895.977824,10.53,1.3477706909179688
1757097897.0123954,303.002,0.08454580769248228,1.3112657818079332e-10,-42.58545365217388,1757097897.272216,27.400000000000002,1.3025445938110352
1757097898.3059626,303.0,0.0845492415164156,1.3138913145485565e-10,-50.51627674219377,1757097898.5437176,10.69,1.293567180633545
1757097899.5790443,302.999,0.08453953988983173,1.3164202513735042e-10,-102.51873579199304,1757097899.8353739,27.84,1.2730817794799805
1757097900.8710313,302.998,0.08453927979046562,1.3190559657150038e-10,-46.466191673639,1757097901.1243775,10.84,1.2919869422912598
1757097903.1841643,302.993,0.08452360535236145,1.3215919995726867e-10,-158.22992543883188,1757097903.4446456,28.0,2.3131330013275146
1757097904.4811473,302.993,0.08451322177765244,1.3241322398291889e-10,-65.15357575495656,1757097904.7398534,28.03,1.296983003616333
1757097906.8019001,302.99,0.0845075661569685,1.326774361133948e-10,-71.92595923933646,1757097907.0887914,15.97,2.3207528591156006
1757097910.1706069,302.986,0.08450749395846491,1.3293347757858e-10,-25.25762485630672,1757097910.4408436,27.32,3.368706703186035
1757097911.4746196,302.988,0.08451829775340332,1.3318992157418544e-10,83.16480357240748,1757097911.739155,27.37,1.3040127754211426
1757097913.7958238,302.989,0.0845209023648448,1.3345674783023246e-10,96.51408859148322,1757097914.0498989,-8.370000000000001,2.32120418548584
1757097915.0846715,302.989,0.08452074111389127,1.337241180991366e-10,83.84827262069554,1757097915.4181206,-8.13,1.2888476848602295
1757097917.4739585,302.991,0.08452568256960671,1.3398639022292206e-10,75.1894398590776,1757097917.7080402,23.75,2.389286994934082
1757097918.7427537,302.993,0.08453790027871652,1.3424924238672998e-10,105.03500339423711,1757097918.9470756,23.67,1.2687952518463135
1757097921.0052764,302.994,0.08454448301888495,1.3451233547564844e-10,58.15139841170986,1757097921.2402985,23.94,2.2625226974487305
1757097922.275709,302.996,0.08454164698743544,1.3478176969813638e-10,144.68653257233635,1757097922.5932112,9.19,1.270432472229004
1757097923.6265137,302.996,0.0845409332947372,1.3505174334935303e-10,81.82529869730426,1757097923.9534397,9.19,1.3508048057556152
1757097924.9870892,302.997,0.08454085629682734,1.3532231236620242e-10,98.3798572412152,1757097925.2827065,-8.02,1.3605754375457764
1757097926.3163888,303.003,0.08456600320120007,1.3555049710822103e-10,125.41516961149543,1757097926.5979087,-39.11,1.3292996883392334
1757097927.633042,303.003,0.08457175067470638,1.3582110919258762e-10,54.49109226591298,1757097927.8675275,-15.38,1.3166532516479492
1757097929.9252503,303.004,0.08457018416791769,1.3608940418846864e-10,2.9522717472917037,1757097930.2285767,21.41,2.292208194732666
1757097931.2636054,303.008,0.0845708964438357,1.3631142460841725e-10,3.981836560958385,1757097931.5384212,40.64,1.3383550643920898
1757097932.571556,303.009,0.08454329960264396,1.3651874461033445e-10,-104.07519541394672,1757097932.8162293,43.35,1.307950735092163
1757097933.8509054,303.012,0.0844785860379679,1.3661193686291987e-10,-144.6920063180058,1757097934.5257518,55.74,1.2793493270874023
1757097935.5643985,303.013,0.08437168566076189,1.3675371925353662e-10,-298.2816406607192,1757097935.8824284,51.53,1.7134931087493896
1757097936.9191816,303.014,0.08408616636368288,1.3663563242319244e-10,-453.9042906278876,1757097937.190204,67.65,1.354783058166504
1757097938.2255218,303.01,0.0840329199606406,1.3687894317575614e-10,-326.83211176008524,1757097938.500236,35.72,1.306340217590332
1757097940.5578558,303.005,0.08401994691868762,1.3714609983315114e-10,-118.89464501246505,1757097940.8869693,24.830000000000002,2.332334041595459
1757097941.9223747,303.004,0.08401977783651957,1.3742079301726451e-10,-18.218743208201182,1757097942.2016616,9.42,1.3645188808441162
1757097944.2604508,303.001,0.08401993548391046,1.3769610132517547e-10,-7.0366520199089075,1757097944.5905213,-8.16,2.338076114654541
1757097946.647632,303.0,0.08402044724138194,1.3797138841874392e-10,17.44862601887999,1757097946.871799,-13.63,2.387181043624878
1757097947.906324,303.0,0.08402078933642111,1.3824742203882983e-10,36.71742307765217,1757097948.2033718,12.47,1.2586920261383057
1757097951.2892468,302.999,0.08402078509562431,1.3852415365583877e-10,44.07283040903752,1757097951.546888,-11.34,3.382922887802124
1757097952.582327,302.999,0.08402038866492124,1.3880171903786654e-10,62.940303491565324,1757097952.8295305,-6.67,1.2930800914764404
1757097955.9103582,302.999,0.08402075126237908,1.3907974142324182e-10,64.09769382156531,1757097956.1908414,9.18,3.328031301498413
1757097959.2722747,302.999,0.08402066975922369,1.3935831799719391e-10,56.53585510156532,1757097959.5023236,-9.22,3.3619165420532227
1757097960.5373056,303.0,0.08402373718049783,1.3963012211061945e-10,43.23786129413653,1757097960.7516236,-24.88,1.265030860900879
1757097961.7872267,303.001,0.0840237901856343,1.3990272697409325e-10,44.622396861496384,1757097962.0502663,-24.64,1.2499210834503174
1757097963.0863295,303.002,0.0840224532627102,1.401820163142529e-10,74.75993128880525,1757097963.3390784,-15.3,1.299102783203125
1757097966.4219553,303.001,0.08402118432866057,1.4046117493041923e-10,28.1723928719326,1757097966.671138,17.3,3.3356258869171143
1757097967.7070558,303.002,0.08402352806076394,1.40731577523953e-10,33.51427578978155,1757097967.9738173,27.35,1.2851004600524902
1757097969.0097072,303.002,0.0840216530584119,1.410087226226035e-10,23.658755795826117,1757097969.2543035,22.26,1.3026514053344727
1757097971.3149838,303.002,0.08402024411469468,1.4129128959966696e-10,61.74008026582612,1757097971.5629873,-5.29,2.30527663230896
1757097974.6459262,303.002,0.08402036735547669,1.4157439927931986e-10,58.67572989782613,1757097974.940688,6.65,3.330942392349243
1757097985.1732903,303.001,0.084019596615701,1.4184467165489806e-10,-3.4791860477496783,1757097985.4247198,28.59,10.527364015579224
1757097986.4577713,303.002,0.0840095450901212,1.4207023937618863e-10,-43.16456967349744,1757097986.7284615,41.29,1.2844810485839844
1757097987.7617438,303.003,0.0840127057330036,1.423367857675413e-10,20.077645975135866,1757097988.086537,30.77,1.3039724826812744
1757097989.1193655,303.005,0.08401586961410303,1.4259922777259972e-10,38.87382530836919,1757097989.4103568,32.54,1.357621669769287
1757097990.4429758,303.006,0.0839623798945161,1.4278399583898105e-10,-181.36887739778498,1757097990.7496645,47.17,1.3236103057861328
1757097991.7849522,303.006,0.08389328627160342,1.429697277511911e-10,-210.61181255182623,1757097992.0601897,47.07,1.3419764041900635
1757097993.095537,303.007,0.08388417598802358,1.431232080142859e-10,-207.98407757051234,1757097993.3357072,50.47,1.3105847835540771
1757097994.371704,303.011,0.08383154536600544,1.4333270411596984e-10,-174.29920349508316,1757097994.628649,44.04,1.2761671543121338
1757097995.6662939,303.007,0.08381827140706404,1.4361824144106894e-10,-284.24766369139667,1757097995.9774692,16.95,1.2945897579193115
1757097997.0116465,303.002,0.08381771629930279,1.4390599144913502e-10,-289.79899103001065,1757097997.2637415,7.4,1.3453526496887207
1757097998.2999225,302.993,0.08376149827310055,1.4417987765999147e-10,-485.81212288082475,1757097998.5879078,28.900000000000002,1.288275957107544
1757097999.624295,302.989,0.08368509937451077,1.444190957796274e-10,-335.9671113704535,1757097999.8989413,39.29,1.3243725299835205
1757098000.9344935,302.989,0.0835738544103161,1.4456419155216734e-10,-305.88223301630444,1757098001.2092128,51.25,1.3101985454559326
1757098002.2459135,302.989,0.0834088950810479,1.4464309552785426e-10,-351.1444437593045,1757098002.5681753,56.32,1.31141996383667
1757098003.6061199,302.99,0.08323510494823393,1.4467870368069938e-10,-347.153608755842,1757098003.8831663,59.01,1.3602063655853271
1757098004.9189646,302.987,0.08322730244948875,1.4496012582587555e-10,-137.6058479306331,1757098005.2064219,25.23,1.3128447532653809
1757098006.2460306,302.987,0.08322997146085365,1.452504049163103e-10,-1.9147176304781635,1757098006.4808328,10.13,1.3270659446716309
1757098008.5435252,302.986,0.08314399730446292,1.453982139612265e-10,-227.3224585885439,1757098008.8105297,51.01,2.297494649887085
1757098009.8477738,302.988,0.08303960624236678,1.4555705472200778e-10,-275.8884008060053,1757098010.1290457,50.0,1.304248571395874
1757098011.1642745,302.984,0.08261135250838067,1.4539267991434963e-10,-635.7165548855608,1757098011.4015002,68.1,1.3165006637573242
1757098012.4382715,302.984,0.08242707155497185,1.4546747660126552e-10,-393.37225839773924,1757098012.6790068,56.54,1.2739970684051514
1757098013.7146475,302.981,0.08238734062233304,1.4573914760837977e-10,-302.8285703690668,1757098013.9936,31.09,1.2763760089874268
1757098017.074687,302.976,0.08239006987883053,1.4603107380838588e-10,5.987221313756334,1757098017.378539,-8.94,3.360039472579956
1757098018.4128337,302.979,0.08240148996409805,1.4630663359792557e-10,87.90282325975356,1757098018.713099,29.89,1.338146686553955
1757098019.7465973,302.979,0.0824018854726876,1.465994022880223e-10,90.82264034782601,1757098020.0276916,11.9,1.333763599395752
1757098021.0631063,302.981,0.08241182050032095,1.4687449403542585e-10,86.45797518751371,1757098021.3842523,30.51,1.3165090084075928
1757098023.4410045,302.984,0.08241571078491834,1.4716683727064473e-10,127.87614809744838,1757098023.726335,17.42,2.3778982162475586
1757098026.807998,302.987,0.08242487809906372,1.4746011758591114e-10,120.33916323554028,1757098027.0704849,16.580000000000002,3.3669934272766113
