time_sent,temp,internal_resistance,p,innovation,time_recv,current,dt
1757096252.0303323,298.247,0.02027187174873319,1.6522343358672035e-09,4248.449756258584,1757096252.3297539,51.02,1.340946912765503
1757096253.3682027,298.285,0.021201751415483146,1.6554212412484573e-09,2644.1187383310075,1757096253.6437418,14.59,1.3378703594207764
1757096255.7060661,298.36,0.021968237058486603,1.6586630006061055e-09,2791.935429185468,1757096255.9829483,-12.88,2.3378634452819824
1757096257.021782,298.435,0.023969034968541043,1.6617078566727132e-09,3784.1037194140563,1757096257.3252206,17.830000000000002,1.3157157897949219
1757096258.361973,298.474,0.028733007414606927,1.661803998428447e-09,2651.171608754147,1757096258.629536,32.88,1.340191125869751
1757096259.6657467,298.512,0.029563125170115244,1.665037167331215e-09,2673.7089406442365,1757096259.9760277,13.68,1.3037736415863037
1757096261.0130434,298.587,0.03154856367278558,1.6680894803208538e-09,3728.937711991909,1757096261.2892375,17.88,1.3472967147827148
1757096264.3683105,298.704,0.050321917066878774,1.624411226873806e-09,2776.889259258247,1757096264.641254,64.51,3.35526704788208
1757096265.676812,298.746,0.060319159706771805,1.6136426443019947e-09,2681.685835759834,1757096265.920747,48.07,1.3085014820098877
1757096266.9569893,298.791,0.0703219162870538,1.5590711663841017e-09,2679.1280826130205,1757096267.1713896,69.2,1.280177354812622
1757096268.2074254,298.884,0.0902526163335563,1.5401312058596512e-09,4273.7347222855815,1757096268.4900708,55.03,1.2504360675811768
1757096269.5250962,298.923,0.09126935720263564,1.5430725909604465e-09,2676.6258550056587,1757096269.7940338,15.71,1.3176708221435547
1757096270.8292062,298.96,0.09188865735742154,1.5461098477692081e-09,2636.2610926781254,1757096271.0661504,-12.32,1.304110050201416
1757096272.1013129,299.037,0.09361298474629245,1.5490138959919913e-09,3908.372543403728,1757096272.3261206,-16.87,1.272106647491455
1757096273.3627734,299.075,0.0945390010541935,1.5519997203967336e-09,2699.8222528855704,1757096273.6281152,-14.89,1.261460542678833
1757096274.664093,299.112,0.09484789375682923,1.5550964013940248e-09,2646.1310658466546,1757096274.950312,-8.65,1.3013195991516113
1757096277.0108452,299.226,0.10352323719541791,1.5512616683233188e-09,3297.0343956215,1757096277.2773676,41.18,2.346752166748047
1757096278.3144171,299.264,0.10645902059455688,1.5530988282953937e-09,2607.404162337266,1757096278.5400617,26.94,1.3035719394683838
1757096279.5773945,299.304,0.11324631248015393,1.5493911827461659e-09,2604.3133333069654,1757096279.776968,41.01,1.2629773616790771
1757096280.8126543,299.344,0.12108679086435196,1.5432851668793566e-09,2589.8633553348022,1757096281.0925436,44.28,1.235259771347046
1757096282.1281517,299.42,0.12255337041108763,1.5462292887622306e-09,3795.9118105701405,1757096282.3907359,15.790000000000001,1.3154973983764648
1757096283.426389,299.465,0.14075034156422045,1.4793279442861334e-09,2226.229656280032,1757096283.7261465,74.34,1.2982373237609863
1757096284.7617934,299.512,0.15857542051973317,1.4027309826778181e-09,2054.319273252711,1757096285.010175,78.65,1.335404396057129
1757096286.0456882,299.633,0.20246462248157493,9.977943447626957e-10,2579.3958692327983,1757096286.3602462,130.58,1.2838947772979736
1757096287.3959374,299.701,0.19457918837213914,7.109523677990606e-10,-549.8903498492414,1757096287.6308608,141.98,1.3502492904663086
1757096288.6659076,299.765,0.19684797042459626,5.907978515692797e-10,225.86198906903473,1757096288.8804498,130.37,1.269970178604126
1757096289.9164095,299.832,0.19339289601164752,4.83572461122213e-10,-126.14754080586863,1757096290.1955557,139.5,1.2505018711090088
1757096291.2327526,299.96,0.17577649332024217,3.185980730810993e-10,-1686.2023119965397,1757096291.4836497,181.07,1.316343069076538
1757096292.5192199,300.022,0.16135332469642913,2.5875025010528643e-10,-2060.4101211646557,1757096292.7300708,164.5,1.2864673137664795
1757096293.7658696,300.065,0.16119189118515795,2.4738485620414904e-10,-46.9531330711161,1757096294.0103843,116.67,1.2466497421264648
1757096295.0462272,300.117,0.16487174123356574,2.4338883134630757e-10,1753.1322956650981,1757096295.2888308,92.89,1.2803575992584229
1757096296.3247392,300.157,0.16491931355372733,2.4387626518903134e-10,2759.6196951577085,1757096296.6292174,8.56,1.2785120010375977
1757096297.6649272,300.194,0.16497612573895465,2.443645329170428e-10,2610.4670909748543,1757096297.967474,9.38,1.3401880264282227
1757096299.0048664,300.27,0.16626214706677053,2.447232724698611e-10,3543.8055455272593,1757096299.2218728,38.45,1.3399391174316406
1757096301.2812462,300.356,0.16958122357534108,2.406837346572592e-10,1575.0693223190503,1757096301.5514824,93.60000000000001,2.2763798236846924
1757096302.5889761,300.401,0.1717454733370896,2.401966357066814e-10,2203.7839225412895,1757096302.8187559,63.96,1.307729959487915
1757096303.8543644,300.461,0.17435994182925665,2.2733692873579628e-10,735.2225287579477,1757096304.1267219,124.96000000000001,1.2653882503509521
1757096305.162128,300.559,0.17954609508597674,2.2345833974748747e-10,2515.1201863646825,1757096305.4138083,96.06,1.3077635765075684
1757096306.451013,300.595,0.1810290556139505,2.2276634038589555e-10,1388.9166478534507,1757096306.6963823,69.14,1.2888851165771484
1757096307.73231,300.625,0.18140246260852036,2.2317467957712126e-10,1908.6887403303647,1757096307.966016,29.57,1.281296968460083
1757096311.0488052,300.745,0.18145352057144415,2.236215953300678e-10,2954.7584374905996,1757096311.3280337,9.0,3.316495180130005
1757096312.3632283,300.8,0.18337883691287615,2.1451478080312975e-10,637.7407931985813,1757096312.5828595,118.74000000000001,1.3144230842590332
1757096313.616859,300.853,0.1863331486170862,2.1092601305184316e-10,1487.110010037814,1757096313.8405075,97.03,1.2536306381225586
1757096314.8765454,300.913,0.18797314269624252,2.010351569064298e-10,524.6080023458544,1757096315.2443535,124.82000000000001,1.2596864700317383
1757096316.2814624,301.026,0.19213720938233012,1.9728617258068212e-10,2066.5521229671153,1757096316.5176537,101.10000000000001,1.4049170017242432
1757096317.5531774,301.073,0.18657870285101935,1.8357273312593265e-10,-1536.4201327391288,1757096317.8016238,140.42000000000002,1.2717149257659912
1757096318.8371108,301.123,0.18092531375048632,1.7015822534970478e-10,-1583.6478075699151,1757096319.1826737,144.86,1.283933401107788
1757096320.2175915,301.215,0.1812874075397321,1.6498423896853685e-10,154.71467990417523,1757096320.5035322,118.33,1.3804807662963867
1757096321.5404232,301.247,0.170301790060768,1.5214181191864528e-10,-3155.842587418645,1757096321.7831419,151.28,1.322831630706787
1757096322.8200095,301.272,0.16595748298947635,1.46886509731706e-10,-1876.137047003715,1757096323.0829372,125.53,1.2795863151550293
1757096324.1199856,301.336,0.16361052971551965,1.406955701674193e-10,-943.6052544743059,1757096324.3371193,133.03,1.299976110458374
1757096325.373869,301.343,0.16378957987692272,1.4091253005653845e-10,704.5588776343848,1757096325.6301563,42.53,1.2538833618164062
1757096327.6883092,301.386,0.16427040428903558,1.409075206873312e-10,897.0291183106324,1757096327.9192598,-61.65,2.3144402503967285
1757096328.9543738,301.406,0.16396032379546924,1.4117134997183735e-10,1250.6213998002484,1757096329.3278487,-31.060000000000002,1.2660646438598633
1757096331.3860838,301.49,0.1657356576144688,1.402841239525611e-10,1648.3334815399294,1757096331.6519747,87.63,2.4317100048065186
1757096332.6868584,301.546,0.16764846550610854,1.371717306724809e-10,1048.7344836741177,1757096332.9288332,115.18,1.3007745742797852
1757096333.964222,301.603,0.1676316255206083,1.3394107736039946e-10,1023.4519062118302,1757096334.2181938,117.47,1.2773635387420654
1757096335.2537782,301.723,0.1715340387357318,1.305032204549018e-10,2056.4883527904412,1757096335.497538,120.61,1.2895562648773193
1757096336.533066,301.747,0.1717742342290792,1.3072819624236978e-10,1277.6193875633046,1757096336.7781088,38.24,1.2792878150939941
1757096337.813463,301.775,0.1720443798260343,1.298730208985837e-10,260.7085154788915,1757096338.0897462,90.02,1.2803969383239746
1757096339.1265736,301.859,0.17268830710319688,1.3008819004977967e-10,3053.3752325207142,1757096339.3480816,40.4,1.313110589981079
1757096340.384793,301.897,0.16943539087453266,1.2597399084753576e-10,-1582.8076606613738,1757096340.6190522,127.76,1.2582194805145264
1757096341.654658,301.904,0.16943705733192232,1.261874717490744e-10,-14.908435244826649,1757096341.9264638,39.550000000000004,1.2698650360107422
1757096342.9623098,301.914,0.16775518990416916,1.248715527481537e-10,-1353.562455131144,1757096343.21968,99.84,1.3076517581939697
1757096344.2563035,301.946,0.16555998897303945,1.221984502731345e-10,-1302.0221684911155,1757096344.5254653,117.59,1.2939937114715576
1757096345.5620522,301.952,0.16571335903235776,1.2238572714560405e-10,639.0919727883914,1757096345.7726066,44.28,1.305748701095581
1757096346.809077,301.973,0.16598470042992267,1.2257097990384705e-10,1121.6481251192668,1757096347.1182332,44.7,1.2470247745513916
1757096348.1536791,302.016,0.166403305485018,1.2275642214774794e-10,1725.8165429440487,1757096348.4644525,44.7,1.344602108001709
1757096349.5013874,302.049,0.16550963452483836,1.201892858750752e-10,-537.027486304748,1757096349.7514393,117.45,1.3477082252502441
1757096350.7883012,302.095,0.16181919273471662,1.1541959435205047e-10,-1684.2494838788307,1757096351.037843,137.79,1.2869138717651367
1757096352.0748084,302.129,0.15975471912903827,1.129033881503823e-10,-1261.0452013766737,1757096352.4534185,120.44,1.2865071296691895
1757096353.4905052,302.14300000000003,0.1587181647660454,1.1209328250397533e-10,-1018.2453146177263,1757096353.7156327,95.08,1.4156968593597412
1757096354.7520957,302.164,0.15584669229748918,1.0946334366915121e-10,-1722.66805784263,1757096355.129058,123.44,1.2615904808044434
1757096356.1686945,302.2,0.15608266762157105,1.0845221311166397e-10,210.93358135451217,1757096356.443409,100.85000000000001,1.4165987968444824
1757096357.4798038,302.223,0.15624678557399463,1.0865301800637982e-10,1297.178687791477,1757096357.7345214,34.4,1.3111093044281006
1757096358.771985,302.247,0.1566455348057785,1.085097622235341e-10,659.407600290317,1757096359.029984,74.35000000000001,1.2921812534332275
1757096360.0672054,302.299,0.1573354703481854,1.0839454370408353e-10,1190.269625617531,1757096360.3275537,72.89,1.2952203750610352
1757096361.3643658,302.322,0.1568742523317712,1.0745904087941182e-10,-436.11852772742986,1757096361.7334063,99.69,1.2971603870391846
1757096362.7701805,302.338,0.15699850198465073,1.0760764979388898e-10,497.5672760477495,1757096363.0283153,48.99,1.4058146476745605
1757096364.0646281,302.37,0.1568031513388927,1.0664509887219099e-10,-182.35146888479676,1757096364.291839,100.61,1.294447660446167
1757096365.3281362,302.386,0.15706877940269928,1.0678216486199347e-10,971.1606320153219,1757096365.5664957,50.910000000000004,1.2635080814361572
1757096366.6031697,302.41,0.1574090509770398,1.0691797242393369e-10,1213.0053057424968,1757096366.9237392,51.13,1.2750334739685059
1757096367.9588554,302.443,0.15726997775611593,1.0585633507032261e-10,178.10442958703152,1757096368.1877978,102.99000000000001,1.3556857109069824
1757096369.2256389,302.523,0.1584116691214769,1.027105928650089e-10,633.130539202878,1757096369.4548142,132.5,1.2667834758758545
1757096370.4905856,302.553,0.15874341659407734,1.028381447499563e-10,1192.132017407415,1757096370.7412255,52.15,1.264946699142456
1757096371.7781358,302.588,0.15675488950480032,9.969818406846724e-11,-1103.2825507158016,1757096371.9909055,134.34,1.2875502109527588
1757096373.0288196,302.641,0.15737257526080764,9.856140528981963e-11,542.1508520933505,1757096373.2464435,107.94,1.2506837844848633
1757096374.2840607,302.672,0.15736617438806877,9.767740955310686e-11,-3.6989292987948375,1757096374.5360382,102.9,1.2552411556243896
1757096375.5736158,302.692,0.15752600139202255,9.784596273797845e-11,946.1483579216563,1757096375.8290107,41.050000000000004,1.2895550727844238
1757096376.867627,302.712,0.15764445886841913,9.763283965809168e-11,179.3023794831645,1757096377.1263306,80.86,1.294011116027832
1757096378.1636994,302.752,0.15786149374071612,9.780937183699536e-11,1601.788968036205,1757096378.4145045,37.6,1.2960724830627441
1757096379.448722,302.772,0.15798590301168922,9.761157751298566e-11,201.03411166115188,1757096379.6935723,80.10000000000001,1.285022497177124
1757096380.7299743,302.789,0.1580870578807194,9.779001027330386e-11,740.5201060356732,1757096380.9407053,36.61,1.281252384185791
1757096381.9777515,302.804,0.15794356840250195,9.76184825211877e-11,-76.73633814661116,1757096382.2152014,78.73,1.2477772235870361
1757096383.2518644,302.827,0.1580585187287263,9.779820353288326e-11,939.7780494810158,1757096383.4993374,35.910000000000004,1.2741129398345947
1757096384.5360186,302.842,0.1580299630388716,9.765516103580588e-11,-51.67600495431179,1757096384.77803,77.15,1.2841541767120361
1757096385.8140976,302.854,0.15808286653934248,9.78368866498997e-11,447.21743103953526,1757096386.095091,34.76,1.2780790328979492
1757096387.1321828,302.879,0.15810843400536434,9.803209964432922e-11,973.617012273185,1757096387.401105,17.26,1.3180851936340332
1757096388.4370496,302.89,0.15794380534703642,9.791784721423e-11,-298.62605955337176,1757096388.6825268,75.39,1.3048667907714844
1757096389.7197247,302.903,0.1578230132100553,9.781460943880736e-11,-214.1050505870511,1757096390.0555882,74.74,1.28267502784729
1757096391.090798,302.916,0.15787083462173687,9.799874904162508e-11,466.3880216951086,1757096391.3146574,33.35,1.3710732460021973
1757096392.3521984,302.923,0.157903227257333,9.818406172011321e-11,315.7156792166111,1757096392.565127,32.74,1.2614004611968994
1757096393.6023965,302.929,0.1579298460904392,9.837019797889243e-11,289.55995895358797,1757096393.903005,32.37,1.2501981258392334
1757096394.9406564,302.935,0.1579283249453133,9.855715896260986e-11,280.8357706399023,1757096395.1953108,31.990000000000002,1.3382599353790283
1757096396.2316315,302.943,0.15794671943915825,9.874605110315807e-11,180.11822860354425,1757096396.46649,30.66,1.2909750938415527
1757096397.503645,302.945,0.15794991886984044,9.89357096269776e-11,-0.8943706015959378,1757096397.8003194,30.28,1.2720134258270264
1757096398.836171,302.95,0.15772698276016892,9.892832796434318e-11,-492.2949883378926,1757096399.0966914,67.67,1.3325259685516357
1757096400.1333265,302.957,0.15721354540149243,9.89079289328286e-11,-1105.6934552941332,1757096400.458103,68.72,1.2971556186676025
1757096401.4944036,302.948,0.1564802568358841,9.889136251651959e-11,-1576.32417148684,1757096402.1188252,68.42,1.361077070236206
1757096403.1550531,302.923,0.155607244323108,9.887881492226133e-11,-1903.2472277388056,1757096403.3870344,68.1,1.6606495380401611
1757096404.4217067,302.914,0.15489240792987113,9.886936574408465e-11,-1576.5806017527063,1757096404.691492,67.85,1.2666535377502441
1757096405.7280822,302.904,0.15415941007245676,9.885957069385687e-11,-1603.8778619986997,1757096406.0514002,67.88,1.306375503540039
1757096407.0881858,302.929,0.14723766739527322,9.440737135623888e-11,-3288.156100080133,1757096407.3302813,149.33,1.3601036071777344
1757096408.3670018,302.971,0.12680011212665498,7.98147258838696e-11,-5787.7591459407295,1757096409.8808033,210.35,1.2788159847259521
1757096410.9168596,303.038,0.12358239486527473,6.762488321655547e-11,-7320.890910597785,1757096411.1215615,218.6,2.5498578548431396
1757096412.160028,303.1,0.1033988645978978,5.555391369050052e-11,-6379.414982056713,1757096412.3553507,238.63,1.2431683540344238
1757096413.3920424,303.13,0.09189823650995918,4.9914870778022515e-11,-5065.16378846998,1757096413.631617,213.29,1.2320144176483154
1757096414.666673,303.14300000000003,0.08578899390995737,4.747221214803663e-11,-3933.6535999204525,1757096414.887824,180.9,1.2746305465698242
1757096415.9253573,303.145,0.0874775281410492,4.613350279480539e-11,-3750.251282293443,1757096416.1482735,159.88,1.2586843967437744
1757096417.1865518,303.131,0.08467462400421868,4.556020140421441e-11,-3463.2555573287414,1757096417.4680595,133.34,1.2611944675445557
1757096418.5053775,303.13,0.0799435075561639,4.409226049855301e-11,-3851.48582445555,1757096418.8484914,166.83,1.3188257217407227
1757096419.887234,303.10699999999997,0.07938377439336497,4.413215411075342e-11,-2527.9206017888678,1757096420.1503475,70.61,1.3818564414978027
1757096421.1877518,303.077,0.07874190660072826,4.416845553606618e-11,-2796.120618159777,1757096421.4350657,71.88,1.3005177974700928
1757096422.4731522,303.046,0.07808303548864567,4.4203395814181096e-11,-2840.07145551391,1757096422.718709,72.34,1.285400390625
1757096423.756034,303.016,0.07742984825550116,4.4238291729573006e-11,-2807.626371660935,1757096423.9965982,72.35000000000001,1.282881736755371
1757096425.0342958,302.968,0.07361154711508382,4.358787927081581e-11,-4479.161850452765,1757096425.2786927,139.85,1.2782618999481201
1757096426.3150363,302.943,0.07300119650014794,4.362177492699359e-11,-2634.8124402829058,1757096426.5877442,72.78,1.28074049949646
1757096427.6249762,302.912,0.07234851076009116,4.3654976256390514e-11,-2799.682573174596,1757096427.887434,73.01,1.3099398612976074
1757096428.92418,302.882,0.0723531222425377,4.368813189192034e-11,-2776.994928077276,1757096429.1585128,73.02,1.299203872680664
1757096430.1949434,302.82,0.07168947000508794,4.3727964764294066e-11,-3025.4223667012993,1757096430.4329834,70.66,1.2707633972167969
1757096431.469144,302.803,0.0716710311094757,4.38153739838396e-11,-1273.191040192163,1757096431.716179,-18.44,1.274200677871704
1757096432.7537339,302.784,0.07161963624564877,4.390182274238711e-11,-1366.9057004723993,1757096433.0043795,-28.97,1.2845897674560547
1757096434.0420475,302.748,0.0714422252670919,4.398172668709581e-11,-1978.4309153994227,1757096434.2686522,45.2,1.288313627243042
1757096435.3056266,302.73199999999997,0.07139415663977973,4.406396077644542e-11,-596.5844523849769,1757096435.5374637,41.76,1.2635791301727295
1757096436.5746384,302.733,0.07138576430820681,4.414662183630773e-11,-56.38699743811563,1757096436.8282394,41.25,1.2690117359161377
1757096437.8653495,302.74,0.07128825389880313,4.411937830991598e-11,-299.49814862683513,1757096438.1199572,87.75,1.2907111644744873
1757096439.1560802,302.761,0.07133676390365988,4.4094050925465416e-11,138.83785409887992,1757096439.4283013,87.4,1.2907307147979736
1757096440.4642122,302.771,0.07124932893244831,4.406781458029095e-11,-268.1872722011544,1757096440.7684195,87.59,1.3081319332122803
1757096441.8057861,302.78,0.07114693553425827,4.4041609670980196e-11,-304.9562653786631,1757096442.1371925,87.60000000000001,1.34157395362854
1757096443.173273,302.8,0.07118256370314201,4.4124345579499433e-11,438.16814950541993,1757096443.4191506,41.04,1.3674869537353516
1757096444.4553535,302.822,0.07033749358892287,4.330286174683054e-11,-892.4619586586546,1757096444.774606,147.65,1.2820804119110107
1757096445.8120513,302.828,0.07036533524646973,4.338383359029895e-11,332.47721372823946,1757096446.0328822,41.910000000000004,1.3566977977752686
1757096447.0704947,302.861,0.07046271326386946,4.3464822616891684e-11,1201.7691198636908,1757096447.3074756,42.13,1.2584433555603027
1757096448.3447032,302.869,0.07049122979165222,4.354600258653982e-11,405.78442910380693,1757096448.6092923,42.04,1.2742085456848145
1757096449.645303,302.89,0.07045508937742322,4.326663336474056e-11,-57.89919259798148,1757096449.8822024,118.05,1.3005998134613037
1757096450.9195695,302.925,0.06958946122056626,4.2433880833327333e-11,-949.2729162892815,1757096451.1379452,149.52,1.2742664813995361
1757096452.1749632,302.964,0.06872505154972108,4.1527099312366654e-11,-878.8186036977519,1757096452.4500644,153.95000000000002,1.2553937435150146
1757096453.487456,302.985,0.06723140073235116,4.060152797757302e-11,-1510.476752033188,1757096453.755998,156.32,1.312492847442627
1757096454.7924292,303.007,0.06573911999554327,3.965768347193196e-11,-1491.3461533662748,1757096455.0357466,158.77,1.3049731254577637
1757096456.0720153,303.036,0.06346873030109934,3.856698469937594e-11,-2131.2490939126374,1757096456.3376365,166.23,1.2795860767364502
1757096457.3731096,303.044,0.06049927586420181,3.746871615384342e-11,-2782.586204369981,1757096457.618491,168.8,1.3010942935943604
1757096458.6560395,303.027,0.06010714013598433,3.750728859306003e-11,-2056.8958842115876,1757096458.9335876,71.36,1.2829298973083496
1757096459.970072,303.027,0.05724600026760572,3.637888333074507e-11,-3014.73878125,1757096460.2844906,172.25,1.3140325546264648
1757096461.320942,303.016,0.05682042954091703,3.641030557488326e-11,-2110.3540534490053,1757096461.5444024,74.77,1.35086989402771
1757096462.57909,303.001,0.054452298587607736,3.590407113858916e-11,-3136.0814412036116,1757096462.9034138,145.01,1.258148193359375
1757096465.100206,302.94,0.05388905073456688,3.593685488656406e-11,-2835.9121647130405,1757096465.420318,74.19,1.1623563766479492
1757096467.2136989,302.913,0.05373718336071715,3.5996785680609996e-11,-1390.2252144545048,1757096467.4848154,55.26,2.113492965698242
1757096468.5229115,302.906,0.05302864201790503,3.586931615910911e-11,-1596.6325042906492,1757096468.760423,111.45,1.3092126846313477
1757096469.799956,302.894,0.052895776697325154,3.592965446845339e-11,-1249.4470854857348,1757096469.9982646,54.68,1.2770445346832275
1757096471.0359669,302.88,0.05278598870058604,3.599109792084112e-11,-1109.6408898158113,1757096471.2915297,53.43,1.2360107898712158
1757096472.329556,302.878,0.05228384481669967,3.5882165421216045e-11,-1192.522678196803,1757096472.6145635,108.76,1.2935891151428223
1757096473.6521423,302.871,0.05219328398871341,3.59439913901146e-11,-863.7399523486428,1757096474.00462,52.85,1.3225862979888916
1757096475.043342,302.861,0.0521869978522674,3.600617926731076e-11,-937.4816873689398,1757096475.2863967,52.49,1.3911998271942139
1757096476.3239985,302.854,0.05214458978957924,3.607648771820908e-11,-1056.300999473816,1757096476.5510502,34.52,1.280656337738037
1757096477.5874588,302.844,0.05144467037172407,3.5978433642704784e-11,-1688.664199216552,1757096477.8934386,106.98,1.263460397720337
1757096478.9296787,302.83,0.05201016069913822,3.604104934295584e-11,-1333.3255177582691,1757096479.1802182,51.980000000000004,1.3422198295593262
1757096480.2172165,302.803,0.05137575103106403,3.596668856143576e-11,-1659.949070327842,1757096480.4398382,103.07000000000001,1.2875378131866455
1757096481.477018,302.801,0.051339943348915056,3.603112025181681e-11,-458.1503866598888,1757096481.6902175,49.26,1.2598016262054443
1757096482.7267954,302.796,0.05129218255197109,3.609584494840621e-11,-552.8709739285661,1757096482.9378812,48.95,1.2497773170471191
1757096483.9756587,302.791,0.05129338778191828,3.616100421758928e-11,-550.2607854627475,1757096484.225597,48.4,1.2488632202148438
1757096485.2609935,302.788,0.05105804570203004,3.6110455991464146e-11,-662.4629217622787,1757096485.4921796,98.47,1.285334825515747
1757096486.5294478,302.788,0.05105644094439392,3.618187118350951e-11,-115.44511490078258,1757096486.7446253,29.19,1.2684543132781982
1757096487.781922,302.788,0.05104635755029109,3.62485823075083e-11,-179.18498766878258,1757096488.0382032,45.83,1.252474308013916
1757096489.0738254,302.796,0.05105529983548338,3.63158446748755e-11,72.26035692759498,1757096489.3051093,44.94,1.2919032573699951
1757096490.3434768,302.795,0.05107646756677648,3.6383036906072624e-11,220.3690928257841,1757096490.5906997,45.32,1.2696514129638672
1757096491.6271715,302.82,0.051270475661865336,3.613576527644939e-11,338.10809873463813,1757096491.8469558,124.86,1.2836947441101074
1757096492.883901,302.849,0.051537135010233506,3.588919576611446e-11,475.0798150391945,1757096493.1509564,125.17,1.2567293643951416
1757096494.1882777,302.892,0.0520239424974582,3.5631545136497723e-11,846.8710795377293,1757096494.4205623,126.64,1.3043768405914307
1757096495.4576757,302.911,0.052091589643790924,3.568285653306105e-11,505.1656244581866,1757096495.6873507,63.02,1.2693979740142822
1757096496.7244751,302.918,0.05210807076997791,3.573393013844742e-11,126.44805435900619,1757096496.9331403,63.24,1.2667994499206543
1757096497.9699755,302.936,0.05200525954793555,3.547561939252379e-11,-148.21609922420646,1757096498.2363458,126.95,1.2455003261566162
1757096499.2714262,302.956,0.05208471653913926,3.5525724096387524e-11,515.8839368638087,1757096499.5222135,63.85,1.3014507293701172
1757096500.5585916,302.975,0.05152913999958634,3.523919766674435e-11,-925.6837899573894,1757096500.800669,129.95,1.2871654033660889
1757096501.8405275,302.96500000000003,0.05144310202256694,3.530317248819893e-11,-1066.1275094018197,1757096502.086985,48.050000000000004,1.2819359302520752
1757096503.1242774,302.956,0.051355494693009776,3.536724581713386e-11,-1034.4635911557377,1757096503.3607419,48.06,1.2837498188018799
1757096504.3999848,302.95799999999997,0.050497017312636804,3.507857460782021e-11,-1446.5663409587833,1757096504.6305563,130.41,1.275707483291626
1757096505.6702437,302.952,0.0504108469098813,3.512716965858636e-11,-605.3599665582215,1757096505.9055748,64.75,1.270258903503418
1757096506.9424088,302.951,0.050433276343307666,3.517551841324542e-11,-449.51822059374507,1757096507.2435358,64.96000000000001,1.272165060043335
1757096508.2853436,302.942,0.050414237575578134,3.5245078533717265e-11,-516.3497967559201,1757096508.5275097,29.43,1.3429348468780518
1757096509.565969,302.938,0.05037773957465871,3.5310223012327775e-11,-435.55065641681,1757096509.897469,45.800000000000004,1.280625343322754
1757096512.9821591,302.953,0.05017687755654464,3.512525502651159e-11,-403.12740878609105,1757096513.3251948,119.77,3.4161901473999023
1757096514.3622935,302.98199999999997,0.05031243909637004,3.494324960125338e-11,264.5679209573374,1757096514.6053307,119.69,1.3801343441009521
1757096515.6418176,302.994,0.050324790656759676,3.4997835135688995e-11,119.05435320768927,1757096515.8721879,59.58,1.2795240879058838
1757096516.9074745,303.006,0.050090875869272654,3.4808467054806197e-11,-431.74869125097075,1757096517.1386838,120.75,1.2656569480895996
1757096518.1751523,303.014,0.05002060074385769,3.479467283468813e-11,-240.38128588534605,1757096518.4205472,91.09,1.2676777839660645
1757096519.4571688,303.03,0.04986458061828161,3.4607721955054625e-11,-307.9030787208345,1757096519.7242208,120.77,1.2820165157318115
1757096520.7624023,303.058,0.04891271155250416,3.4001249248384905e-11,-1163.6927163346315,1757096521.0014694,154.73,1.3052334785461426
1757096522.040635,303.052,0.047061707458159255,3.336753850782864e-11,-2229.301404400294,1757096522.3085895,157.63,1.2782328128814697
1757096523.3443093,303.055,0.04624651910509952,3.313893307746958e-11,-1503.1942139935925,1757096523.6029823,127.79,1.3036742210388184
1757096524.6406555,303.056,0.04538757933500387,3.2900274470981746e-11,-1568.6430717373676,1757096524.8757687,129.27,1.2963461875915527
1757096525.9122083,303.057,0.04441733473123954,3.2650092191156334e-11,-1738.33450618789,1757096526.2211192,130.91,1.2715528011322021
1757096527.2577722,303.035,0.04304288771708818,3.238951022143366e-11,-2423.9665750527465,1757096527.4912448,132.44,1.3455638885498047
1757096528.5273464,303.021,0.042795995968047104,3.24320195483353e-11,-1630.9012107662413,1757096528.735858,67.92,1.2695741653442383
1757096529.7717688,303.001,0.04252359255544901,3.24742497095961e-11,-1832.647292678122,1757096530.1365752,68.15,1.244422435760498
1757096531.1736624,302.981,0.042386345776722054,3.2535056205883465e-11,-2044.972257444983,1757096531.4011648,44.82,1.4018936157226562
1757096532.4394782,302.956,0.04144526581883774,3.2472170310076224e-11,-2644.92252527178,1757096532.7921574,104.88,1.2658157348632812
1757096533.8292696,302.949,0.0396766372285802,3.2028815372790623e-11,-2506.6990534457946,1757096534.101725,148.62,1.389791488647461
1757096535.1419663,302.928,0.035451320844879425,3.066255426614815e-11,-3617.1776202232477,1757096535.4015427,195.26,1.3126966953277588
1757096536.4371946,302.903,0.03530176916123827,3.0719885447826766e-11,-2310.3967980880157,1757096536.7801936,45.7,1.2952282428741455
1757096537.8188608,302.876,0.03437811045518482,3.0659672981590306e-11,-2647.0365590440497,1757096538.0537257,106.58,1.3816661834716797
1757096539.0895555,302.839,0.03420418477559115,3.071687899730849e-11,-2701.4531652504124,1757096539.3393576,46.03,1.2706947326660156
1757096540.3753657,302.826,0.03293993047801738,3.0320925725818064e-11,-1876.9218415033358,1757096540.6383476,148.8,1.2858102321624756
1757096541.6758425,302.815,0.03287534329871662,3.0378335507469436e-11,-1116.560105623957,1757096541.9679627,43.660000000000004,1.3004767894744873
1757096543.006992,302.807,0.03250759333392008,3.033045878702627e-11,-1313.5442108179827,1757096543.249579,104.18,1.3311495780944824
1757096544.2866137,302.806,0.03246312478968444,3.0387885564016285e-11,-809.2361668967261,1757096544.5231595,43.660000000000004,1.2796216011047363
1757096545.5601964,302.798,0.0322634758631958,3.034867922673298e-11,-622.1648388491301,1757096545.8929965,102.02,1.2735826969146729
1757096546.9285586,302.81,0.03245458595193697,3.0311857719003905e-11,-17.35423405370352,1757096547.153199,101.45,1.3683621883392334
1757096548.188321,302.835,0.03258246718164739,3.027516054121513e-11,425.0422732990499,1757096548.4525135,101.46000000000001,1.2597625255584717
1757096549.489209,302.848,0.03258945354077931,3.023862523967203e-11,30.369856744184233,1757096549.7525704,101.46000000000001,1.3008878231048584
1757096550.790207,302.85,0.032606012445427976,3.029644801957576e-11,303.944184495568,1757096551.029032,41.7,1.3009979724884033
1757096552.0652716,302.901,0.033372503005991344,2.995561921803225e-11,1211.3423419483333,1757096552.3463159,144.96,1.2750647068023682
1757096554.4067245,302.943,0.03356756436531097,2.9628563792608065e-11,319.61198324070176,1757096554.8213735,144.44,2.3414528369903564
1757096555.8569024,302.957,0.033593623239517194,2.968563806765697e-11,492.42598124055314,1757096556.0501957,40.2,1.4501779079437256
1757096557.0876071,302.992,0.033649728809571636,2.974281784453425e-11,1242.652338937669,1757096557.3386846,40.2,1.2307047843933105
1757096558.374709,303.004,0.03370905987710061,2.971589891127678e-11,201.07410718368163,1757096558.633413,99.42,1.2871017456054688
1757096559.6735692,303.034,0.03394748742965146,2.9410287027180414e-11,395.4366393107206,1757096559.9331446,142.9,1.2988603115081787
1757096560.968367,303.044,0.03371960980007331,2.9466984615324116e-11,203.0127108528784,1757096561.1920714,40.08,1.2947978973388672
1757096562.2288744,303.074,0.03381539267250012,2.95100577335843e-11,754.8460305038338,1757096562.4520252,65.44,1.260507345199585
1757096563.488784,303.077,0.03380692257192853,2.955284490515666e-11,-102.29805150530058,1757096563.8954246,65.77,1.2599096298217773
1757096564.9291382,303.096,0.0336799563007915,2.923546230876987e-11,-229.66717414805146,1757096565.2583635,144.42000000000002,1.4403541088104248
1757096566.2943144,303.117,0.03348426874840677,2.8914020834117234e-11,-319.5854086039394,1757096566.5865736,145.54,1.3651762008666992
1757096567.6226685,303.123,0.033455381665826234,2.8955150885321565e-11,-189.91128416043483,1757096567.927975,66.91,1.3283541202545166
1757096568.9640412,303.122,0.033427382699137975,2.899599080916756e-11,-401.4804388087972,1757096569.3437867,67.23,1.3413727283477783
1757096570.382054,303.144,0.03343271733789915,2.903552526618774e-11,19.944943757594018,1757096570.7003803,68.5,1.4180128574371338
1757096571.7372615,303.158,0.0328471173459049,2.8604621544095786e-11,-840.5580275002175,1757096571.9886806,155.70000000000002,1.3552074432373047
1757096573.024818,303.153,0.03274399969422462,2.8642380529753307e-11,-758.0825872955526,1757096573.2627633,69.87,1.2875564098358154
1757096574.302098,303.165,0.032214532192585715,2.827730653686225e-11,-814.4541026077959,1757096574.5349178,151.05,1.2772800922393799
1757096575.5696566,303.166,0.03211454274600972,2.8313839631149464e-11,-672.9596922472699,1757096575.7984178,70.78,1.2675585746765137
1757096576.835737,303.158,0.03197269282343961,2.8350015057750312e-11,-957.8082769181156,1757096577.05778,71.11,1.266080379486084
1757096578.0944645,303.142,0.03179591442946913,2.8386198821737536e-11,-1212.472895664358,1757096578.4214456,71.12,1.2587275505065918
1757096579.4585838,303.134,0.03166511461891597,2.8422402423045402e-11,-938.2543857782445,1757096579.695174,71.12,1.364119291305542
1757096580.732086,303.129,0.031267669693128025,2.836911652703979e-11,-1214.0770937921236,1757096580.985208,108.08,1.2735021114349365
1757096582.0229206,303.139,0.030533233318002524,2.798308564958206e-11,-1115.8232282707704,1757096582.2624865,153.61,1.290834665298462
1757096583.3013928,303.135,0.030388123216236046,2.801781642278383e-11,-971.4101886424664,1757096583.5415962,72.2,1.2784721851348877
1757096584.5784733,303.12,0.030316327196053473,2.8070327293924906e-11,-1221.6878248142145,1757096584.8876572,46.35,1.2770805358886719
1757096585.9232993,303.127,0.029337254428691176,2.7672783016805205e-11,-1575.521927689735,1757096586.212887,155.39000000000001,1.3448259830474854
1757096587.2538884,303.094,0.029008922477302444,2.770556200989694e-11,-2199.4288135767124,1757096587.4944866,73.71000000000001,1.3305890560150146
1757096588.5317786,303.074,0.028733769972434122,2.7738340630748763e-11,-1832.397778604116,1757096588.7843695,73.72,1.2778902053833008
1757096589.821884,303.054,0.02845455314987206,2.7771131114419388e-11,-1825.045046696718,1757096590.1352444,73.72,1.2901053428649902
1757096591.173144,303.034,0.028014950320394288,2.771925622938643e-11,-1329.2843103537602,1757096591.529995,108.66,1.3512601852416992
1757096592.5662792,303.039,0.02781728933072829,2.7667638662965825e-11,-589.812986168953,1757096592.8892117,108.67,1.3931350708007812
1757096593.9272757,303.044,0.027818702924920044,2.7616276485354027e-11,-586.4674975100817,1757096594.2389772,108.68,1.3609964847564697
1757096595.2758164,303.067,0.02785152994632125,2.7651068619006623e-11,220.02243376321087,1757096595.5586002,71.99,1.3485407829284668
1757096596.596365,303.065,0.027774273745260147,2.768549859100869e-11,-522.9706232132213,1757096596.9352627,72.32000000000001,1.3205485343933105
1757096597.9722774,303.063,0.027774531110868746,2.7719945293941312e-11,-520.545568537871,1757096598.243783,72.32000000000001,1.3759124279022217
1757096599.2823708,303.085,0.027800417006214544,2.7753712603574172e-11,206.16796456274005,1757096599.5295308,72.91,1.3100934028625488
1757096600.566838,303.08299999999997,0.027718588977311297,2.778702389057155e-11,-545.2971484991222,1757096600.7839384,73.3,1.2844672203063965
1757096601.8238642,303.102,0.027363665150600236,2.7284269628438286e-11,-481.69234369475606,1757096602.072071,164.66,1.257026195526123
1757096603.1103883,303.122,0.02702251508991043,2.6791564159673297e-11,-460.78721739913925,1757096603.3345299,165.34,1.2865240573883057
1757096604.3746324,303.122,0.027000530275515505,2.6842691053452935e-11,-384.5511321197391,1757096604.6041706,43.43,1.2642440795898438
1757096606.8812585,303.112,0.0269953159545986,2.6896463296241307e-11,-1028.8956375805278,1757096607.1557355,13.01,1.2386159896850586
1757096609.2190244,303.076,0.026538646335825075,2.6858461854036316e-11,-1524.4487888866988,1757096609.4581757,106.15,2.33776593208313
1757096610.4968154,303.065,0.026507556846440003,2.6909874371688702e-11,-660.6157198536457,1757096610.767912,42.72,1.2777910232543945
1757096611.8063698,303.05899999999997,0.02648595972385258,2.696147889249412e-11,-498.7992414008411,1757096612.0356677,42.28,1.3095543384552002
1757096613.0717616,303.058,0.026474172445576392,2.7013405150487198e-11,-345.0080704581557,1757096613.332108,41.21,1.2653918266296387
1757096614.3701196,303.06,0.026341568204271807,2.699365327792319e-11,-473.1319093232985,1757096614.6911254,100.28,1.2983579635620117
1757096615.7287219,303.06600000000003,0.026209220515571795,2.6974350486727085e-11,-483.3778186369438,1757096616.0024858,100.15,1.3586022853851318
1757096617.0396397,303.058,0.025971134822281326,2.6957450196209378e-11,-897.8953431413333,1757096617.2878656,99.34,1.310917854309082
1757096618.3243847,303.06,0.025815604175326638,2.694210128362925e-11,-586.951596852272,1757096618.5558581,98.81,1.2847449779510498
1757096619.5933695,303.062,0.02566623777559257,2.6926772501948484e-11,-584.757300983621,1757096619.8262835,98.82000000000001,1.2689847946166992
1757096620.8633823,303.065,0.025520961812065184,2.6911351874570855e-11,-566.5431311497216,1757096621.1028967,98.87,1.2700128555297852
1757096622.1409414,303.073,0.02548857386337188,2.695173311820185e-11,-270.04824698635804,1757096622.4112954,65.71000000000001,1.2775590419769287
1757096623.4489446,303.085,0.02511880962410302,2.664016769824102e-11,-618.1116512652732,1757096623.731253,150.14000000000001,1.3080031871795654
1757096624.7695262,303.087,0.0250656740032737,2.6679627321135667e-11,-460.45230752363364,1757096625.1574686,66.5,1.3205816745758057
1757096626.1979003,303.121,0.024605313989816587,2.637093574637268e-11,-777.4501246990418,1757096626.4259741,150.55,1.4283740520477295
1757096627.460909,303.105,0.024366071040219026,2.6405250510196155e-11,-1792.4422204765738,1757096627.7221682,71.79,1.2630085945129395
1757096628.7598946,303.078,0.024254498127243306,2.6454966930113072e-11,-2041.954930235434,1757096629.0006814,46.24,1.2989857196807861
1757096630.0370035,303.05,0.024272110023691056,2.6505765172685322e-11,-2078.752188510338,1757096630.5981948,42.15,1.277108907699585
1757096631.6399484,303.012,0.024215642776030107,2.6557358874855387e-11,-1392.413321913554,1757096631.8998415,38.34,1.6029448509216309
1757096632.9377398,303.01,0.024078720606921164,2.653902132647472e-11,-716.0142360248628,1757096633.1950724,100.33,1.2977914810180664
1757096636.279601,302.987,0.023970583000482784,2.6540737035198692e-11,-482.7628935377218,1757096636.518775,92.41,3.3418612480163574
1757096637.554892,303.012,0.024130333155078634,2.6325132500333376e-11,310.82847286881315,1757096637.92268,139.98,1.2752909660339355
1757096638.962219,303.021,0.023985992620247906,2.636849560599542e-11,165.04501365911426,1757096639.2728279,60.620000000000005,1.4073269367218018
1757096640.3084073,303.025,0.023991999850777962,2.6420483005610332e-11,68.3834860811375,1757096640.6305604,33.27,1.3461883068084717
1757096641.6660993,303.024,0.023989645806927043,2.6473393332985004e-11,-58.60052709000718,1757096641.9052331,-15.11,1.357692003250122
1757096643.9600937,303.02,0.023987316388234984,2.6525897260792005e-11,-114.53863252954119,1757096644.207613,29.72,2.293994426727295
1757096645.2418995,303.016,0.023989084121897875,2.657900016083245e-11,-123.26122783818198,1757096645.5010843,-16.72,1.2818057537078857
1757096646.5359633,303.016,0.023989173273279044,2.6631033223676098e-11,-23.559209186956444,1757096646.902941,-36.300000000000004,1.2940638065338135
1757096647.9383714,303.03,0.02402999190587899,2.6590487033189952e-11,130.72848385481205,1757096648.17071,-107.26,1.4024081230163574
1757096649.20705,303.081,0.024523733705579163,2.6488652305312394e-11,1257.2557614989146,1757096649.4214656,-121.76,1.2686786651611328
1757096650.4563909,303.085,0.024512997387348117,2.653780625764321e-11,-111.71784415486394,1757096650.802992,-48.6,1.2493407726287842
1757096651.838375,303.08,0.024509058045612216,2.659098002571665e-11,-328.776541487852,1757096652.18,10.38,1.3819842338562012
1757096653.2148604,303.117,0.024643051237889006,2.6049833824635013e-11,174.52845796996928,1757096653.4983375,171.07,1.3764853477478027
1757096654.5349789,303.153,0.02474061808630385,2.5431596088325684e-11,124.49327923740009,1757096654.9228992,178.27,1.3201184272766113
1757096655.9592807,303.162,0.024571231776833697,2.5452252241537373e-11,-395.2397797997738,1757096656.196603,82.68,1.4243018627166748
1757096657.2330601,303.173,0.024390586350055192,2.5368116617326807e-11,-489.3434828797127,1757096657.487515,120.22,1.2737793922424316
1757096658.5243645,303.163,0.024389417312645878,2.5418953981035716e-11,-789.0424844821753,1757096658.76949,-5.39,1.291304349899292
1757096659.8055413,303.158,0.024244221525797572,2.543729816235656e-11,-807.9638790973552,1757096660.1662064,84.22,1.2811768054962158
1757096662.226975,303.135,0.024038334581213947,2.5455227635328124e-11,-1110.0604692042039,1757096662.5636923,84.48,2.421433687210083
1757096663.6000764,303.13,0.023859686126628515,2.5465468931350713e-11,-893.7166784029632,1757096663.8281367,89.01,1.3731014728546143
1757096664.863843,303.147,0.02346719774648976,2.511038252003021e-11,-621.3424114369201,1757096665.10096,158.67000000000002,1.2637665271759033
1757096666.1367016,303.16,0.023124599102555994,2.49697941193977e-11,-793.5298233532003,1757096666.3956752,132.03,1.2728586196899414
1757096667.433691,303.152,0.022842306757275888,2.4969989678125612e-11,-1245.0632739286445,1757096667.7302258,94.51,1.2969894409179688
1757096668.7672625,303.136,0.022782452862692988,2.501810412504402e-11,-1311.462819612055,1757096669.0532885,41.88,1.333571434020996
1757096670.0894134,303.13,0.02250314546488532,2.4997983488319993e-11,-1045.9620212372602,1757096670.3248045,102.9,1.3221509456634521
1757096671.3614366,303.154,0.022027994792570237,2.4408410071686486e-11,-597.841989789627,1757096671.5781972,179.85,1.2720232009887695
1757096672.6150248,303.158,0.021816069315873283,2.437630528142671e-11,-752.8336052306477,1757096672.9411433,107.97,1.2535881996154785
1757096673.977493,303.169,0.02161207138173835,2.4139201808389732e-11,-786.1608338471716,1757096674.2113307,148.4,1.3624682426452637
1757096675.2476866,303.171,0.02131423770594703,2.408596638720072e-11,-929.7956190225921,1757096675.566006,114.92,1.2701935768127441
1757096676.6024852,303.155,0.021292263091619225,2.4134013460815978e-11,-1192.0512650589953,1757096677.4877403,24.830000000000002,1.3547985553741455
1757096678.5281384,303.151,0.020937883426628282,2.4075390986109105e-11,-1078.905291524894,1757096678.8349075,116.43,1.9256532192230225
1757096679.873628,303.136,0.020921822672206228,2.412339527541821e-11,-1166.1126684491971,1757096680.1341574,25.42,1.345489501953125
1757096681.1707392,303.128,0.020897057263474444,2.4171339025331088e-11,-1147.5371245103997,1757096681.407242,28.76,1.2971112728118896
1757096682.4443269,303.11,0.020681599286732518,2.4200378004961167e-11,-1568.6307797765628,1757096682.672722,75.85000000000001,1.273587703704834
1757096683.7111726,303.119,0.020003209252062212,2.3879714322656495e-11,-1122.4771054332064,1757096683.9570324,158.9,1.266845703125
1757096684.995098,303.103,0.020655945617822295,2.392727279100197e-11,-1396.5601980894191,1757096685.2304242,26.830000000000002,1.2839255332946777
1757096686.2685256,303.101,0.020098626515236813,2.3599388904069875e-11,-922.9637014360846,1757096686.5502343,160.54,1.2734274864196777
1757096687.5888088,303.112,0.02003017840160366,2.3562857355930346e-11,-241.58744610808242,1757096687.8908477,110.75,1.3202831745147705
1757096688.929554,303.135,0.020014834475565905,2.3265408291386122e-11,-146.1355713417085,1757096689.2520716,158.27,1.340745210647583
1757096690.2882419,303.188,0.02007880922015076,2.3307650465658475e-11,1039.5770869648175,1757096690.5727892,53.29,1.3586878776550293
1757096692.6331046,303.163,0.020073125174935227,2.3354299994982273e-11,-893.5966630996054,1757096692.9336493,-18.150000000000002,2.344862699508667
1757096693.9695406,303.15,0.020073206182263083,2.340103929417152e-11,-856.5863878329055,1757096694.2793438,-18.41,1.3364360332489014
1757096695.3155203,303.138,0.019766574415576763,2.337646182694943e-11,-1136.6927206195232,1757096695.569006,106.86,1.3459796905517578
1757096696.6050782,303.153,0.01949280621343671,2.31485916256211e-11,-531.989057254832,1757096696.9301424,150.03,1.289557933807373
1757096697.9660861,303.157,0.019562562683638103,2.310450053888433e-11,-690.966183864613,1757096698.2097087,113.99000000000001,1.3610079288482666
1757096699.2460742,303.168,0.019545127228220185,2.3147455558254353e-11,-257.11202056383866,1757096699.5478349,49.99,1.2799880504608154
1757096700.5827458,303.18,0.01892855131018176,2.2840110836244384e-11,-1052.9435933718469,1757096700.97064,160.75,1.3366715908050537
1757096702.007231,303.169,0.017898242927965158,2.251982831161509e-11,-1719.1192337354805,1757096702.2784104,163.25,1.424485206604004
1757096703.3141246,303.16700000000003,0.017514288109127266,2.2464462421486443e-11,-1219.434026935894,1757096703.5786133,118.66,1.3068935871124268
1757096704.615205,303.164,0.017052443610290364,2.2380641380962234e-11,-1278.3969955941652,1757096704.9301362,126.46000000000001,1.3010804653167725
1757096705.9672446,303.161,0.017154751212865905,2.231596554126129e-11,-1076.0575728974043,1757096706.2789764,121.63,1.3520395755767822
1757096709.36638,303.093,0.01710912203001369,2.2359989205233893e-11,-1547.5998060738393,1757096709.5956624,-34.37,3.3991353511810303
1757096710.6320968,303.073,0.017102531928135337,2.240473199702396e-11,-913.6965828443915,1757096710.901621,-19.1,1.265716791152954
1757096711.9388282,303.065,0.017106411215256433,2.2449584743038492e-11,-526.1921001645959,1757096712.2747135,-17.43,1.3067314624786377
1757096713.3119092,303.121,0.017612357974796967,2.117046795651784e-11,450.0135508284982,1757096713.5355835,229.63,1.3730809688568115
1757096714.572101,303.168,0.018034863272511276,2.0576579938455266e-11,540.787792441303,1757096714.8445756,195.4,1.2601919174194336
1757096715.880553,303.195,0.017808167667558612,2.036138451018861e-11,-440.8158532660593,1757096716.1143217,157.21,1.3084518909454346
1757096717.150539,303.224,0.017594468698265857,2.0097024949803606e-11,-393.1119470685202,1757096717.3721278,165.17000000000002,1.2699859142303467
1757096718.4096622,303.225,0.017280244409548583,2.0049372771936348e-11,-1046.9086692384033,1757096718.6703658,121.48,1.2591233253479004
1757096719.7071345,303.241,0.016796669098137304,1.974771356921557e-11,-833.7981238976247,1757096720.003328,171.33,1.2974722385406494
1757096721.0405812,303.244,0.01644024522450867,1.9680909392522722e-11,-1105.986123822593,1757096721.2682247,128.56,1.333446741104126
1757096722.3052313,303.245,0.016006728907747146,1.9587271833574905e-11,-1191.7262168780826,1757096722.5529633,136.24,1.2646501064300537
1757096723.5897534,303.245,0.015603948798377697,1.9510692008167825e-11,-1196.6034476570435,1757096723.8329432,131.88,1.2845220565795898
1757096724.869809,303.231,0.015496503174212025,1.9544428013175712e-11,-1413.381187499191,1757096725.0879972,61.21,1.2800555229187012
1757096727.148647,303.176,0.015463643363233887,1.958305941129949e-11,-1570.6933862753838,1757096727.453721,34.38,2.2788381576538086
1757096728.4896066,303.16700000000003,0.015323339616902515,1.9602357348911935e-11,-968.117959796045,1757096728.7313995,84.86,1.3409595489501953
1757096729.7700567,303.153,0.015302158976473973,1.964134567616703e-11,-1038.8333364504222,1757096730.0380597,29.57,1.2804501056671143
1757096731.0741818,303.129,0.01527912421671373,1.968037235335798e-11,-1141.0235812805713,1757096731.3455188,30.490000000000002,1.3041250705718994
1757096732.3817637,303.119,0.015270529112921554,1.9719632903324302e-11,-707.7442950767179,1757096732.6701837,26.05,1.307581901550293
1757096733.706697,303.113,0.015195566589882964,1.9746426302684073e-11,-660.0556656636849,1757096734.016079,75.57000000000001,1.3249332904815674
1757096735.052522,303.117,0.015188267683153355,1.9783466576011232e-11,-233.18652647649301,1757096735.369673,50.43,1.345824956893921
1757096736.405209,303.111,0.01516295955930283,1.9820504408719488e-11,-529.4876512431306,1757096736.6495376,50.76,1.352687120437622
1757096737.6866722,303.105,0.015132407819489591,1.985760669038157e-11,-539.2819582141269,1757096737.9329782,50.76,1.2814631462097168
1757096738.9704323,303.099,0.01513237198852252,1.9894773514816415e-11,-538.9734862881734,1757096739.1890435,50.76,1.2837600708007812
1757096740.2267137,303.087,0.015046039732409335,1.9921929065154868e-11,-744.8619102724726,1757096740.4808187,75.22,1.2562813758850098
1757096741.5184433,303.097,0.014998963822370738,1.988247645680285e-11,-181.50887389549757,1757096741.7682261,118.92,1.2917296886444092
1757096742.8053942,303.122,0.015056712491632974,1.966308189860596e-11,112.11728315721285,1757096743.055729,160.39000000000001,1.2869508266448975
1757096744.0904174,303.12,0.01503954639074753,1.969960288539868e-11,-380.89484671493636,1757096744.3290968,52.21,1.2850232124328613
1757096745.366524,303.112,0.01503293665670849,1.9738890922886427e-11,-512.2632976135887,1757096745.5892031,26.43,1.276106595993042
1757096746.6266346,303.106,0.015022369491557561,1.977816576183156e-11,-454.34773766501564,1757096746.8369956,29.14,1.26011061668396
1757096748.8991396,303.092,0.015004774367851748,1.9816942988676727e-11,-519.6919441408094,1757096749.2279637,-38.45,2.272505044937134
1757096750.2650018,303.077,0.014994578226348376,1.9856578445122705e-11,-614.4630238725848,1757096750.529124,21.080000000000002,1.3658621311187744
1757096751.5659635,303.072,0.01498657182858854,1.9896263647741468e-11,-330.581981672122,1757096751.8080666,22.830000000000002,1.3009617328643799
1757096753.8703444,303.06,0.014986602070172378,1.993605758772626e-11,-383.9247013233723,1757096754.078386,-21.07,2.3043808937072754
1757096755.114624,303.05899999999997,0.014943004193212898,1.995784340777248e-11,-348.8386825928728,1757096755.4031234,-82.16,1.2442796230316162
1757096756.4382167,303.072,0.014931884872528667,1.9921951506680336e-11,-29.514510970190287,1757096756.6663156,-117.48,1.3235926628112793
1757096757.7029738,303.111,0.015264619750721522,1.960423220566687e-11,564.6150174006416,1757096758.0318246,-173.87,1.2647571563720703
1757096759.0667527,303.128,0.015277957594130882,1.9636772397385212e-11,218.66150015735406,1757096759.410598,-64.67,1.363778829574585
1757096760.4486666,303.123,0.015269674029260692,1.9675553592050777e-11,-432.1140273355117,1757096760.6436963,-34.85,1.3819139003753662
1757096761.6814928,303.115,0.015267493710834126,1.971496135521569e-11,-531.8831932753894,1757096761.9296386,-15.46,1.2328262329101562
1757096762.9680607,303.108,0.015254216175873591,1.9753513599834925e-11,-510.31199521256593,1757096763.2237012,-39.57,1.2865679264068604
1757096765.415011,303.086,0.015232042500829887,1.9791523214818434e-11,-452.27700756471455,1757096765.7899618,44.79,1.1544091701507568
1757096766.8315601,303.084,0.015202756073710343,1.9824502736793553e-11,-333.32052267230216,1757096767.1430645,64.21000000000001,1.4165492057800293
1757096768.1834831,303.102,0.015231950382133272,1.9834605596130278e-11,185.76613828484076,1757096768.4711175,93.12,1.3519229888916016
1757096769.5114658,303.114,0.015203799355442662,1.978212114485271e-11,-86.47259993766076,1757096769.8587716,123.76,1.3279826641082764
1757096770.8978019,303.137,0.015064210144670085,1.9581825075790245e-11,-340.5270086262762,1757096771.2306218,157.68,1.386336088180542
1757096772.270125,303.164,0.015033171600532375,1.9519156620720805e-11,-84.25892144964578,1757096772.5726044,127.72,1.3723230361938477
1757096773.6117744,303.195,0.014809180470340936,1.8979857483882864e-11,-294.73806690508184,1757096773.8326545,198.68,1.3416495323181152
1757096774.871181,303.21,0.014626426206386019,1.8858040040267446e-11,-461.0870243666527,1757096775.1507976,145.3,1.259406566619873
1757096776.1887345,303.26,0.014557141291534528,1.8628036717148952e-11,-141.8011362329081,1757096776.4369226,166.08,1.3175535202026367
1757096777.4717717,303.26800000000003,0.013748684177566034,1.83463908658616e-11,-1448.9503161581533,1757096777.7372966,174.70000000000002,1.2830371856689453
1757096778.7718635,303.298,0.0128685730587699,1.7591162311419564e-11,-1012.4834178867753,1757096779.0248451,222.46,1.3000917434692383
1757096780.060788,303.321,0.012506435841931679,1.7424079532667934e-11,-812.927801201872,1757096780.3164654,160.21,1.2889244556427002
1757096781.3525274,303.348,0.01179149655123285,1.6843739488553604e-11,-932.5896737538699,1757096781.6016378,213.87,1.2917394638061523
1757096782.6388104,303.348,0.011349721557922073,1.6779952908153947e-11,-1413.810393917087,1757096782.9860353,136.23,1.286283016204834
1757096784.0238292,303.337,0.011296525614950351,1.681236747150587e-11,-1535.688931190034,1757096784.3270228,45.51,1.3850188255310059
1757096785.3613966,303.328,0.01071947779827912,1.6717640129916566e-11,-1626.1668101536472,1757096785.7407308,146.13,1.3375673294067383
1757096786.7784793,303.317,0.010401879436474009,1.6709306228508793e-11,-1557.2513124991399,1757096787.0649977,110.57000000000001,1.4170827865600586
1757096788.1020772,303.294,0.010381172411777726,1.6742684399720323e-11,-1816.6398990507237,1757096788.3370857,24.88,1.3235979080200195
1757096789.375573,303.265,0.010372055836311822,1.6776221531462292e-11,-2028.1838643656606,1757096789.683538,-15.280000000000001,1.2734956741333008
1757096790.7213297,303.236,0.01036066053547381,1.680980553825452e-11,-1563.639303888028,1757096790.955737,-18.85,1.3457567691802979
1757096793.020458,303.18399999999997,0.010263433586438069,1.6840020411047358e-11,-1638.9812705464094,1757096793.2312632,59.15,2.299128293991089
1757096794.2682767,303.169,0.010189857973468929,1.687043397614638e-11,-1214.899413965247,1757096794.6261678,58.5,1.2478187084197998
1757096795.666688,303.165,0.010038345763074417,1.6867021941483536e-11,-786.9406580577013,1757096795.9307148,106.89,1.3984112739562988
1757096796.9675903,303.155,0.01016639703960398,1.6900103293444473e-11,-879.468861009153,1757096797.2233875,39.85,1.3009023666381836
1757096798.2587118,303.147,0.010063443631503985,1.691919046028454e-11,-876.8401304189983,1757096798.5460062,84.75,1.291121482849121
1757096799.5841808,303.142,0.009962459107563859,1.6937491729129005e-11,-781.1885341960311,1757096799.8191278,85.86,1.3254690170288086
1757096800.8567944,303.131,0.009939204462049999,1.6970608759428442e-11,-723.6574857699728,1757096801.0993228,41.15,1.272613525390625
1757096802.140739,303.122,0.009920614527919844,1.7003752061071996e-11,-658.7869029441638,1757096802.379088,41.6,1.2839446067810059
1757096803.4167323,303.125,0.009834798248249448,1.6990943989597305e-11,-394.03592336052156,1757096803.6918602,112.81,1.2759933471679688
1757096804.729029,303.121,0.009814724371206908,1.7024064298909996e-11,-501.0078460879299,1757096805.0262423,42.32,1.3122966289520264
1757096806.0610228,303.119,0.009744221091742002,1.7039696471269803e-11,-484.08529350014015,1757096806.3195431,89.3,1.331993818283081
1757096807.3567429,303.12,0.009685386714818882,1.705462868718922e-11,-394.2006092198265,1757096807.6248398,90.13,1.295720100402832
1757096808.664929,303.115,0.009673047745056956,1.7087731586589817e-11,-517.1241743811559,1757096808.9183855,43.800000000000004,1.3081860542297363
1757096809.955137,303.12,0.009613181880411251,1.706601189440003e-11,-325.2532136785535,1757096810.2321453,117.64,1.290208101272583
1757096811.268363,303.11,0.009589271717949599,1.7099044962689517e-11,-606.7033722589691,1757096811.608185,44.7,1.3132259845733643
1757096812.6453166,303.111,0.0095403089062728,1.711154968077154e-11,-337.05912203777854,1757096812.921925,92.82000000000001,1.3769536018371582
1757096813.9590826,303.114,0.009548832629576533,1.7123536701708413e-11,-275.82775978085186,1757096814.2222733,93.36,1.3137660026550293
1757096815.2613332,303.105,0.009530717431712422,1.7156588535148808e-11,-542.4121829650657,1757096815.6208684,45.52,1.302250623703003
1757096816.6579392,303.106,0.009489923468718945,1.7172339933761762e-11,-293.77364735244817,1757096816.884096,89.13,1.3966059684753418
1757096817.919988,303.104,0.009518125440422508,1.7205457605348633e-11,-329.8822609081134,1757096818.1351871,45.74,1.2620487213134766
1757096819.1729062,303.101,0.009453267064125564,1.7215640838756698e-11,-428.4235691568682,1757096819.519194,95.12,1.2529182434082031
1757096820.5569973,303.096,0.009444069255679255,1.7249874033818924e-11,-362.8992265975911,1757096820.7789226,30.78,1.3840911388397217
1757096821.8162997,303.094,0.009413913694472054,1.7277708959531814e-11,-317.95226460714133,1757096822.072713,68.91,1.2593023777008057
1757096823.1086848,303.096,0.009407427872341334,1.7312064610272384e-11,-156.8217963401787,1757096823.3381488,30.78,1.2923851013183594
1757096824.376867,303.099,0.009378389735561632,1.7321931641617494e-11,-200.76199996184806,1757096824.568026,95.34,1.2681822776794434
1757096825.6049116,303.096,0.009374971237042957,1.7356375588724756e-11,-306.4163145434043,1757096825.842027,30.75,1.2280445098876953
1757096826.8777447,303.091,0.009372749930525075,1.7390768737889556e-11,-367.5185147484645,1757096827.129193,33.68,1.2728331089019775
1757096828.1663013,303.09000000000003,0.00936532664013827,1.7425245256534386e-11,-241.42358656063197,1757096828.446711,33.33,1.2885565757751465
1757096829.4830794,303.092,0.009340242014425003,1.744081777258226e-11,-214.05645129832715,1757096829.8612235,89.28,1.3167781829833984
1757096830.8974683,303.089,0.009364590237777425,1.7475394686367806e-11,-279.50176092658654,1757096831.129269,33.28,1.41438889503479
1757096832.1679661,303.091,0.009332902374853486,1.7491216187765996e-11,-195.67098005527401,1757096832.4227521,88.98,1.2704977989196777
1757096833.4586005,303.089,0.009325018352663902,1.752589193218148e-11,-256.64110397197555,1757096833.7972538,33.28,1.2906343936920166
1757096834.835208,303.087,0.00930666071085289,1.7554344791282677e-11,-285.8474030076368,1757096835.0673738,68.2,1.3766074180603027
1757096836.104367,303.091,0.00928818052875895,1.7570072323558637e-11,-156.53367020539082,1757096836.3416493,89.07000000000001,1.2691590785980225
1757096837.3798594,303.088,0.009283871696884721,1.7604899022394277e-11,-312.791264447796,1757096837.6171906,33.36,1.2754924297332764
1757096838.653814,303.086,0.00925413676277266,1.7633414380214452e-11,-314.5083965622658,1757096838.9080281,68.29,1.2739546298980713
1757096839.9446797,303.096,0.009274387250650483,1.7612677391822766e-11,-23.740136931684233,1757096840.250279,115.86,1.2908656597137451
1757096841.2863564,303.104,0.009244352999143716,1.757820691951692e-11,-97.29118737317768,1757096841.6329646,122.46000000000001,1.3416767120361328
1757096842.669852,303.105,0.009232918150405566,1.7612004557428447e-11,-187.3325778119001,1757096842.9870718,46.33,1.383495569229126
1757096844.0253484,303.115,0.009231798890018985,1.761936145417713e-11,10.770932808430516,1757096844.3837097,97.36,1.3554964065551758
1757096845.4214778,303.13,0.00919832411744328,1.757516555057129e-11,-112.59288128907642,1757096845.7342606,126.52,1.3961293697357178
1757096846.7706223,303.134,0.009134758066327475,1.7578930852228613e-11,-368.18572040138224,1757096847.0172796,100.4,1.349144458770752
1757096848.0552979,303.149,0.009125366066517518,1.7579051032853362e-11,-24.75592416344051,1757096848.3203702,103.19,1.2846755981445312
1757096849.359206,303.172,0.0091623129577317,1.7402374589045088e-11,70.62107006774514,1757096849.6040602,162.15,1.303908109664917
1757096850.6412485,303.188,0.0090802405329825,1.733360510953211e-11,-248.48761267543438,1757096850.9025095,136.08,1.2820425033569336
1757096851.9396703,303.196,0.009009868857250889,1.7274995001792688e-11,-492.709920315792,1757096852.2391853,132.81,1.298421859741211
1757096853.277236,303.233,0.009131222171090704,1.718254280108281e-11,341.31712444018876,1757096853.600239,143.77,1.3375656604766846
1757096854.638895,303.237,0.008994873255787557,1.7163084514130893e-11,-582.9871327566175,1757096854.873076,116.21000000000001,1.361659049987793
1757096855.9109993,303.263,0.008930669553107997,1.6892115480887558e-11,-363.9612157539187,1757096856.142324,180.06,1.272104263305664
1757096857.1786852,303.271,0.008595645672790626,1.676725355407611e-11,-843.2285516482957,1757096857.435201,153.78,1.267685890197754
1757096858.4711096,303.27,0.008327823746313443,1.673318088323311e-11,-1048.3698610028446,1757096858.8050706,124.56,1.2924244403839111
