time_sent,temp,internal_resistance,p,innovation,time_recv,current,dt,cooling power
1757102609.6418104,295.094,0.002,,,,5.33,4.130452632904053,1500.0
1757102610.650712,295.132,0.002,,,,5.33,1.008901596069336,1500.0
1757102611.6704311,295.169,0.002,,,,7.72,1.019719123840332,1500.0
1757102612.6902606,295.208,0.002,,,,40.33,1.019829511642456,1500.0
1757102613.709962,295.25,0.002,,,,60.81,1.0197012424468994,1500.0
1757102614.729536,295.291,0.002,,,,39.49,1.0195741653442383,1500.0
1757102615.7489777,295.33,0.002,,,,23.8,1.0194416046142578,1500.0
1757102616.7682354,295.37,0.002,,,,42.37,1.0192577838897705,1500.0
1757102617.787343,295.413,0.002,,,,55.52,1.0191075801849365,1500.0
1757102618.8062809,295.453,0.002,,,,31.11,1.0189378261566162,1500.0
1757102619.8252127,295.497,0.002,,,,63.550000000000004,1.0189318656921387,1500.0
1757102620.8441503,295.546,0.002,,,,81.17,1.018937587738037,1500.0
1757102621.8629396,295.586,0.002,,,,21.79,1.018789291381836,1500.0
1757102622.8815994,295.627,0.002,,,,39.18,1.0186598300933838,1500.0
1757102623.900283,295.673,0.002,,,,72.94,1.018683671951294,1500.0
1757102624.919092,295.717,0.002,,,,55.7,1.0188088417053223,1500.0
1757102625.9378636,295.758,0.002,,,,36.71,1.0187716484069824,1500.0
1757102626.9565809,295.799,0.002,,,,46.63,1.0187172889709473,1500.0
1757102627.9754117,295.842,0.002,,,,50.300000000000004,1.0188307762145996,1500.0
1757102628.9942906,295.883,0.002,,,,40.25,1.0188789367675781,1500.0
1757102630.0131307,295.923,0.002,,,,41.29,1.0188400745391846,1500.0
1757102631.032091,295.963,0.002,,,,30.310000000000002,1.0189602375030518,1500.0
1757102632.0511324,296.001,0.002,,,,5.54,1.0190415382385254,1500.0
1757102633.0700192,296.039,0.002,,,,-19.09,1.0188868045806885,1500.0
1757102634.0889099,296.078,0.002,,,,-25.5,1.018890619277954,1500.0
1757102635.1079311,296.116,0.002,,,,-23.580000000000002,1.0190212726593018,1500.0
1757102636.1269984,296.155,0.002,,,,-20.06,1.0190672874450684,1500.0
1757102637.1460238,296.194,0.002,,,,-28.61,1.0190253257751465,1500.0
1757102638.1650836,296.23199999999997,0.002,,,,-13.48,1.0190598964691162,1500.0
1757102639.184281,296.269,0.002,,,,-6.11,1.0191974639892578,1500.0
1757102641.6194205,296.382,0.002,,,,13.52,2.4351394176483154,1500.0
1757102642.6378214,296.42,0.002,,,,23.240000000000002,1.0184009075164795,1500.0
1757102643.6565704,296.461,0.002,,,,42.03,1.0187489986419678,1500.0
1757102644.6753888,296.501,0.002,,,,38.57,1.0188183784484863,1500.0
1757102645.6942487,296.547,0.002,,,,74.59,1.01885986328125,1500.0
1757102646.7130516,296.592,0.002,,,,64.83,1.0188028812408447,1500.0
1757102647.7318394,296.642,0.002,,,,91.47,1.0187878608703613,1500.0
1757102648.750591,296.683,0.002,,,,11.03,1.018751621246338,1500.0
1757102649.7693539,296.723,0.002,,,,42.1,1.0187628269195557,1500.0
1757102650.788076,296.77,0.002,,,,74.65,1.0187220573425293,1500.0
1757102651.8068464,296.815,0.002,,,,65.89,1.018770456314087,1500.0
1757102652.8256729,296.85699999999997,0.002,,,,48.92,1.0188264846801758,1500.0
1757102653.8445544,296.896,0.002,,,,13.4,1.0188815593719482,1500.0
1757102654.863394,296.935,0.002,,,,28.6,1.0188395977020264,1500.0
1757102655.8821275,296.973,0.002,,,,28.8,1.0187335014343262,1500.0
1757102656.9008746,297.011,0.002,,,,5.29,1.018747091293335,1500.0
1757102658.6193156,297.086,0.002,,,,-7.15,1.7184410095214844,1500.0
1757102659.6376903,297.086,0.002,,,,-7.15,1.0183746814727783,1500.0
1757102660.6562865,297.161,0.002,,,,16.52,1.0185961723327637,1500.0
1757102661.674918,297.199,0.002,,,,16.04,1.0186314582824707,1500.0
1757102662.6935778,297.242,0.002,,,,57.11,1.0186598300933838,1500.0
1757102663.712204,297.283,0.002,,,,45.83,1.0186262130737305,1500.0
1757102664.7308178,297.322,0.002,,,,27.57,1.0186138153076172,1500.0
1757102665.7494066,297.361,0.002,,,,28.13,1.0185887813568115,1500.0
1757102666.7679813,297.399,0.002,,,,13.57,1.0185747146606445,1500.0
1757102667.786602,297.436,0.002,,,,5.29,1.0186207294464111,1500.0
1757102671.6248424,297.586,0.002,,,,-7.1000000000000005,3.838240385055542,1500.0
1757102673.6190066,297.661,0.002,,,,-20.32,1.994164228439331,1500.0
1757102674.637367,297.661,0.002,,,,-20.32,1.0183603763580322,1500.0
1757102675.6560476,297.738,0.002,,,,-13.89,1.0186805725097656,1500.0
1757102677.6224859,297.814,0.002,,,,32.28,1.9664382934570312,1500.0
1757102678.6408656,297.854,0.002,,,,42.03,1.0183796882629395,1500.0
1757102679.6595442,297.896,0.002,,,,53.22,1.0186786651611328,1500.0
1757102680.6778831,297.936,0.002,,,,39.910000000000004,1.018338918685913,1500.0
1757102681.6965752,297.976,0.002,,,,44.02,1.0186920166015625,1500.0
1757102683.6183016,298.054,0.002,,,,37.660000000000004,1.9217264652252197,1500.0
1757102684.6369777,298.054,0.002,,,,37.660000000000004,1.0186760425567627,1500.0
1757102686.6239622,298.169,0.002,,,,-5.63,1.9869844913482666,1500.0
1757102687.6413386,298.206,0.002,,,,-8.32,1.01737642288208,1500.0
1757102688.6598654,298.244,0.002,,,,-18.02,1.0185267925262451,1500.0
1757102689.6784182,298.281,0.002,,,,-9.76,1.0185527801513672,1500.0
1757102694.6350582,298.468,0.002,,,,16.330000000000002,4.956640005111694,1500.0
1757102695.653398,298.505,0.002,,,,17.54,1.0183398723602295,1500.0
1757102696.6719692,298.543,0.002,,,,18.21,1.018571138381958,1500.0
1757102699.6391182,298.655,0.002,,,,-5.8500000000000005,2.967149019241333,1500.0
1757102702.619148,298.766,0.002,,,,5.33,2.980029821395874,1500.0
1757102703.6375213,298.804,0.002,,,,5.33,1.0183732509613037,1500.0
1757102704.6561103,298.841,0.002,,,,5.33,1.0185890197753906,1500.0
1757102705.674856,298.878,0.002,,,,5.33,1.0187456607818604,1500.0
1757102706.6934252,298.915,0.002,,,,5.33,1.0185692310333252,1500.0
1757102707.7120497,298.952,0.002,,,,5.33,1.0186245441436768,1500.0
1757102708.7298527,298.989,0.002,,,,5.33,1.0178029537200928,1500.0
1757102709.7484705,299.027,0.002,,,,5.33,1.018617868423462,1500.0
1757102710.767126,299.064,0.002,,,,5.33,1.01865553855896,1500.0
1757102711.7857718,299.101,0.002,,,,5.33,1.0186457633972168,1500.0
1757102712.8043818,299.138,0.002,,,,5.33,1.0186100006103516,1500.0
1757102713.822997,299.176,0.002,,,,25.16,1.0186152458190918,1500.0
1757102714.8416507,299.216,0.002,,,,66.95,1.0186536312103271,1500.0
1757102715.8603332,299.257,0.002,,,,49.53,1.0186824798583984,1500.0
1757102716.8789694,299.295,0.002,,,,16.22,1.0186362266540527,1500.0
1757102718.62042,299.37,0.002,,,,22.73,1.741450548171997,1500.0
1757102719.6387537,299.37,0.002,,,,22.73,1.0183336734771729,1500.0
1757102720.657387,299.449,0.002,,,,45.49,1.0186333656311035,1500.0
1757102721.675995,299.496,0.002,,,,87.23,1.0186080932617188,1500.0
1757102722.6947296,299.552,0.002,,,,118.32000000000001,1.0187344551086426,1500.0
1757102723.7135577,299.629,0.002,,,,176.1,1.0188281536102295,1500.0
1757102724.7323062,299.683,0.002,,,,83.49,1.0187485218048096,1500.0
1757102725.7510324,299.724,0.002,,,,35.02,1.018726110458374,1500.0
1757102726.76979,299.795,0.002,,,,156.6,1.0187575817108154,1500.0
1757102727.7886407,299.866,0.002,,,,147.02,1.0188508033752441,1500.0
1757102728.807423,299.933,0.002,,,,137.29,1.018782377243042,1500.0
1757102729.8262112,300.013,0.002,,,,172.31,1.0187880992889404,1500.0
1757102730.844983,300.072,0.002,,,,105.61,1.0187718868255615,1500.0
1757102731.8638005,300.113,0.002,,,,21.52,1.01881742477417,1500.0
1757102732.8826165,300.154,0.002,,,,53.31,1.0188159942626953,1500.0
1757102733.9015076,300.202,0.002,,,,84.68,1.0188910961151123,1500.0
1757102734.9203737,300.242,0.002,,,,22.82,1.0188660621643066,1500.0
1757102736.6233568,300.317,0.002,,,,31.92,1.7029831409454346,1500.0
1757102737.6416707,300.356,0.002,,,,31.59,1.0183138847351074,1500.0
1757102739.6374624,300.44,0.002,,,,85.31,1.9957916736602783,1500.0
1757102741.6224732,300.517,0.002,,,,31.92,1.9850108623504639,1500.0
1757102743.622485,300.593,0.002,,,,31.060000000000002,2.000011682510376,1500.0
1757102744.641032,300.593,0.002,,,,31.060000000000002,1.0185470581054688,1500.0
1757102745.6600912,300.66700000000003,0.002,,,,-6.07,1.019059181213379,1500.0
1757102746.6791859,300.706,0.002,,,,29.37,1.019094705581665,1500.0
1757102748.6233563,300.781,0.002,,,,-26.490000000000002,1.9441704750061035,1500.0
1757102749.6437774,300.781,0.002,,,,-26.490000000000002,1.020421028137207,1500.0
1757102750.664331,300.858,0.002,,,,-31.6,1.0205535888671875,1500.0
1757102751.6848426,300.896,0.002,,,,-21.84,1.0205116271972656,1500.0
1757102753.6246848,300.97,0.002,,,,-12.290000000000001,1.9398422241210938,1500.0
1757102754.6432045,300.97,0.002,,,,-12.290000000000001,1.018519639968872,1500.0
1757102755.6620553,301.048,0.002,,,,-40.94,1.0188508033752441,1500.0
1757102756.6801503,301.091,0.002,,,,-49.82,1.0180950164794922,1500.0
1757102757.6990154,301.134,0.002,,,,-37.31,1.0188651084899902,1500.0
1757102758.7179267,301.171,0.002,,,,5.34,1.018911361694336,1500.0
1757102759.7368147,301.208,0.002,,,,5.34,1.018887996673584,1500.0
1757102760.7557857,301.245,0.002,,,,5.34,1.0189709663391113,1500.0
1757102761.7747283,301.282,0.002,,,,5.34,1.0189425945281982,1500.0
1757102762.7936623,301.319,0.002,,,,5.34,1.0189340114593506,1500.0
1757102763.8126183,301.356,0.002,,,,5.34,1.018955945968628,1500.0
1757102764.8316636,301.39300000000003,0.002,,,,5.34,1.019045352935791,1500.0
1757102765.8507113,301.43,0.002,,,,5.34,1.019047737121582,1500.0
1757102766.8696008,301.467,0.002,,,,5.34,1.0188894271850586,1500.0
1757102767.888416,301.503,0.002,,,,5.71,1.018815279006958,1500.0
1757102768.9069312,301.54,0.002,,,,6.08,1.0185151100158691,1500.0
1757102769.9257762,301.577,0.002,,,,9.790000000000001,1.0188450813293457,1500.0
1757102770.9446416,301.614,0.002,,,,7.49,1.0188653469085693,1500.0
1757102771.9635084,301.652,0.002,,,,34.94,1.018866777420044,1500.0
1757102772.9823647,301.692,0.002,,,,58.68,1.0188562870025635,1500.0
1757102774.0012276,301.731,0.002,,,,34.59,1.0188629627227783,1500.0
1757102775.019528,301.76800000000003,0.002,,,,7.87,1.0183002948760986,1500.0
1757102776.0386257,301.805,0.002,,,,8.06,1.0190978050231934,1500.0
1757102777.0576704,301.842,0.002,,,,8.06,1.0190446376800537,1500.0
1757102778.076544,301.879,0.002,,,,15.9,1.018873691558838,1500.0
1757102779.0955453,301.91700000000003,0.002,,,,32.49,1.0190012454986572,1500.0
1757102780.1145902,301.955,0.002,,,,26.44,1.0190448760986328,1500.0
1757102781.1336386,301.994,0.002,,,,35.7,1.0190484523773193,1500.0
1757102782.1527007,302.031,0.002,,,,19.29,1.0190620422363281,1500.0
1757102783.1717954,302.07,0.002,,,,40.730000000000004,1.019094705581665,1500.0
1757102784.650255,302.145,0.002,,,,21.03,1.4784595966339111,1500.0
1757102785.6703193,302.18399999999997,0.002,,,,43.57,1.020064353942871,1500.0
1757102786.690574,302.225,0.002,,,,58.17,1.0202546119689941,1500.0
1757102787.7106848,302.267,0.002,,,,62.82,1.020110845565796,1500.0
1757102788.7306852,302.324,0.002,,,,131.49,1.0200004577636719,1500.0
1757102789.7505443,302.375,0.002,,,,92.7,1.0198590755462646,1305.5
1757102790.77021,302.41,0.002,,,,31.43,1.0196657180786133,1305.5
1757102791.7897522,302.442,0.002,,,,13.14,1.0195422172546387,1305.5
1757102792.8090742,302.475,0.002,,,,32.94,1.0193219184875488,1305.5
1757102795.6303875,302.567,0.002,,,,-11.28,2.8213133811950684,1154.5
1757102796.6486936,302.596,0.002,,,,16.37,1.018306016921997,1154.5
1757102797.6672785,302.625,0.002,,,,30.32,1.018584966659546,1154.5
1757102798.6858504,302.655,0.002,,,,30.64,1.0185718536376953,1154.5
1757102799.7044563,302.686,0.002,,,,48.34,1.0186059474945068,942.2
1757102800.7230222,302.709,0.002,,,,11.88,1.0185658931732178,942.2
1757102801.741565,302.735,0.002,,,,47.88,1.018542766571045,942.2
1757102802.760185,302.761,0.002,,,,51.4,1.0186200141906738,942.2
1757102803.778673,302.786,0.002,,,,33.58,1.0184879302978516,942.2
1757102805.6269715,302.824,0.002,,,,-6.46,1.8482985496520996,643.8000000000001
1757102806.6492403,302.839,0.002,,,,-5.14,1.0222687721252441,643.8000000000001
1757102810.6256623,302.896,0.002,,,,28.7,3.976422071456909,416.20000000000005
1757102811.6465166,302.908,0.002,,,,46.68,1.0208542346954346,416.20000000000005
1757102812.667639,302.935,0.002,,,,118.76,1.0211224555969238,416.20000000000005
1757102813.6887236,302.96,0.002,,,,108.73,1.0210845470428467,416.20000000000005
1757102814.7098196,302.995,0.002,,,,140.84,1.0210959911346436,96.4
1757102815.7306259,303.034,0.002,,,,173.23,1.0208063125610352,96.4
1757102816.7516358,303.045,0.002,,,,45.4,1.021009922027588,96.4
1757102817.7721658,303.048,0.002,,,,15.82,1.0205299854278564,96.4
1757102818.792455,303.051,0.002,,,,45.02,1.0202891826629639,96.4
1757102821.6262894,303.054,0.002,,,,69.60000000000001,2.833834409713745,-59.0
1757102822.6465294,303.063,0.002,,,,94.14,1.020240068435669,-59.0
1757102823.666567,303.099,0.002,,,,174.99,1.0200376510620117,-59.0
1757102824.6867504,303.099,0.002,,,,174.99,1.0201833248138428,-59.0
1757102825.7067635,303.1,0.002,,,,19.82,1.0200130939483643,-203.0
1757102830.626635,303.071,0.002,,,,-19.06,4.91987156867981,-176.5
1757102831.6468334,303.06600000000003,0.002,,,,-7.0600000000000005,1.0201983451843262,-176.5
1757102832.6672664,303.063,0.002,,,,46.550000000000004,1.020432949066162,-176.5
1757102833.6876836,303.05899999999997,0.002,,,,16.72,1.0204172134399414,-176.5
1757102834.7079804,303.056,0.002,,,,46.6,1.0202968120574951,-134.1
1757102835.7282279,303.053,0.002,,,,-7.7,1.020247459411621,-134.1
1757102836.7482963,303.049,0.002,,,,-8.75,1.0200684070587158,-134.1
1757102839.6756024,303.036,0.002,,,,22.240000000000002,2.9273061752319336,-80.0
1757102840.6845498,303.036,0.002,,,,42.76,1.0089473724365234,-80.0
1757102841.7045026,303.036,0.002,,,,43.2,1.0199527740478516,-80.0
1757102842.724583,303.036,0.002,,,,47.01,1.020080327987671,-80.0
1757102843.7445085,303.039,0.002,,,,66.94,1.019925594329834,-80.0
1757102844.7643037,303.037,0.002,,,,16.240000000000002,1.0197951793670654,-68.9
1757102845.7839875,303.041,0.002,,,,72.45,1.019683837890625,-68.9
1757102846.8036165,303.04200000000003,0.002,,,,47.36,1.0196290016174316,-68.9
1757102847.8231974,303.04,0.002,,,,17.41,1.0195808410644531,-68.9
1757102848.8425832,303.038,0.002,,,,17.56,1.019385814666748,-68.9
1757102849.8618498,303.036,0.002,,,,-9.19,1.0192666053771973,-62.1
1757102850.8801372,303.033,0.002,,,,-7.55,1.0182874202728271,-62.1
1757102851.899102,303.031,0.002,,,,-18.830000000000002,1.0189647674560547,-62.1
1757102852.9180734,303.029,0.002,,,,-18.36,1.0189714431762695,-62.1
1757102853.9370093,303.03,0.002,,,,-44.32,1.0189359188079834,-62.1
1757102854.956032,303.028,0.002,,,,-25.21,1.0190227031707764,-46.800000000000004
1757102856.629252,303.025,0.002,,,,16.75,1.673219919204712,-46.800000000000004
1757102858.629196,303.024,0.002,,,,52.03,1.9999439716339111,-46.800000000000004
1757102859.6499517,303.024,0.002,,,,52.03,1.0207557678222656,-46.800000000000004
1757102860.6701236,303.04200000000003,0.002,,,,119.08,1.020171880722046,-43.5
1757102861.6909688,303.078,0.002,,,,177.61,1.0208451747894287,-43.5
1757102862.7117221,303.124,0.002,,,,193.67000000000002,1.0207533836364746,-43.5
1757102863.7325034,303.155,0.002,,,,151.45000000000002,1.0207812786102295,-43.5
1757102864.7531683,303.187,0.002,,,,162.87,1.020664930343628,-419.90000000000003
1757102865.7739604,303.185,0.002,,,,-18.240000000000002,1.020792007446289,-419.90000000000003
1757102866.7948003,303.175,0.002,,,,32.78,1.0208399295806885,-419.90000000000003
1757102867.8155794,303.165,0.002,,,,31.87,1.0207791328430176,-419.90000000000003
1757102868.8363075,303.155,0.002,,,,31.87,1.0207281112670898,-419.90000000000003
1757102870.6318784,303.135,0.002,,,,31.38,1.7955708503723145,-367.3
1757102872.6323144,303.115,0.002,,,,-6.4,2.0004360675811768,-367.3
1757102873.6508954,303.105,0.002,,,,-7.88,1.0185809135437012,-367.3
1757102874.669747,303.105,0.002,,,,-7.88,1.0188517570495605,-367.3
1757102875.688673,303.088,0.002,,,,27.55,1.0189259052276611,-254.3
1757102876.7076414,303.095,0.002,,,,102.60000000000001,1.0189683437347412,-254.3
1757102877.7266986,303.096,0.002,,,,76.56,1.019057273864746,-254.3
1757102878.7458806,303.094,0.002,,,,53.870000000000005,1.0191819667816162,-254.3
1757102880.6302445,303.082,0.002,,,,30.29,1.8843638896942139,-212.10000000000002
1757102881.6511905,303.091,0.002,,,,109.27,1.0209460258483887,-212.10000000000002
1757102882.672399,303.091,0.002,,,,55.93,1.0212085247039795,-212.10000000000002
1757102884.6850824,303.08,0.002,,,,-19.63,2.012683391571045,-188.70000000000002
1757102885.7060611,303.075,0.002,,,,-19.14,1.0209786891937256,-188.70000000000002
1757102886.7272224,303.07,0.002,,,,-6.83,1.0211613178253174,-188.70000000000002
1757102887.7481446,303.065,0.002,,,,-29.27,1.0209221839904785,-188.70000000000002
1757102889.6797895,303.055,0.002,,,,24.560000000000002,1.9316449165344238,-131.4
1757102890.700245,303.058,0.002,,,,72.0,1.0204553604125977,-131.4
1757102891.7209532,303.06600000000003,0.002,,,,97.54,1.0207083225250244,-131.4
1757102893.6324923,303.061,0.002,,,,-19.18,1.911539077758789,-131.4
1757102894.652458,303.061,0.002,,,,-19.18,1.019965648651123,-131.4
1757102895.6726632,303.053,0.002,,,,-7.42,1.0202052593231201,-120.10000000000001
1757102896.6929045,303.049,0.002,,,,-18.38,1.0202412605285645,-120.10000000000001
1757102897.7132125,303.064,0.002,,,,-106.91,1.020308017730713,-120.10000000000001
1757102898.7334845,303.081,0.002,,,,-103.08,1.0202720165252686,-120.10000000000001
1757102899.753849,303.081,0.002,,,,-26.89,1.02036452293396,-168.3
1757102900.7739406,303.078,0.002,,,,34.95,1.0200915336608887,-168.3
1757102901.7939312,303.074,0.002,,,,33.44,1.0199906826019287,-168.3
1757102902.8137884,303.072,0.002,,,,50.11,1.0198571681976318,-168.3
1757102903.833459,303.068,0.002,,,,7.45,1.0196704864501953,-168.3
1757102904.8529575,303.063,0.002,,,,23.76,1.019498586654663,-143.6
1757102905.8723323,303.065,0.002,,,,69.16,1.0193748474121094,-143.6
1757102909.6801775,303.049,0.002,,,,26.78,3.807845115661621,-108.7
1757102910.6982,303.047,0.002,,,,39.22,1.0180225372314453,-108.7
1757102911.716894,303.046,0.002,,,,42.65,1.0186939239501953,-108.7
1757102912.735664,303.047,0.002,,,,60.1,1.0187699794769287,-108.7
1757102913.7544029,303.045,0.002,,,,-14.96,1.0187389850616455,-108.7
1757102915.6396945,303.04,0.002,,,,28.89,1.885291576385498,-84.10000000000001
1757102916.662111,303.037,0.002,,,,8.61,1.022416591644287,-84.10000000000001
1757102917.6846883,303.036,0.002,,,,42.36,1.0225772857666016,-84.10000000000001
1757102918.7070842,303.05,0.002,,,,117.34,1.0223958492279053,-84.10000000000001
1757102919.7292738,303.055,0.002,,,,67.72,1.0221896171569824,-114.10000000000001
1757102921.6311243,303.049,0.002,,,,-7.140000000000001,1.9018504619598389,-114.10000000000001
1757102923.6332943,303.04200000000003,0.002,,,,31.3,2.0021700859069824,-114.10000000000001
1757102924.6543097,303.04200000000003,0.002,,,,31.3,1.0210154056549072,-114.10000000000001
1757102925.6756246,303.038,0.002,,,,-16.02,1.0213148593902588,-83.5
1757102926.6967676,303.035,0.002,,,,-6.8100000000000005,1.0211429595947266,-83.5
1757102927.717795,303.033,0.002,,,,29.71,1.0210273265838623,-83.5
1757102928.7386458,303.039,0.002,,,,83.21000000000001,1.0208508968353271,-83.5
1757102929.759374,303.046,0.002,,,,87.91,1.0207281112670898,-102.80000000000001
1757102930.7801623,303.045,0.002,,,,11.02,1.0207884311676025,-102.80000000000001
1757102931.8010995,303.04200000000003,0.002,,,,11.57,1.020937204360962,-102.80000000000001
1757102932.8223991,303.04200000000003,0.002,,,,55.550000000000004,1.0212996006011963,-102.80000000000001
1757102933.843771,303.04,0.002,,,,35.28,1.021371841430664,-102.80000000000001
1757102934.865009,303.037,0.002,,,,12.08,1.021238088607788,-73.7
1757102937.6357174,303.033,0.002,,,,56.6,2.7707083225250244,-73.7
1757102938.654211,303.032,0.002,,,,35.79,1.01849365234375,-73.7
1757102939.671863,303.032,0.002,,,,35.79,1.0176520347595215,-73.7
1757102941.6380157,303.038,0.002,,,,100.25,1.9661526679992676,-57.300000000000004
1757102942.6581688,303.046,0.002,,,,82.94,1.0201530456542969,-57.300000000000004
1757102943.6790545,303.05,0.002,,,,61.89,1.020885705947876,-57.300000000000004
1757102946.6376927,303.043,0.002,,,,21.53,2.9586381912231445,-85.60000000000001
1757102947.6583602,303.04200000000003,0.002,,,,35.77,1.020667552947998,-85.60000000000001
1757102948.6789238,303.039,0.002,,,,14.620000000000001,1.0205636024475098,-85.60000000000001
1757102949.7001393,303.041,0.002,,,,66.56,1.0212154388427734,-86.0
1757102950.7209787,303.04,0.002,,,,15.06,1.0208394527435303,-86.0
1757102951.7408423,303.038,0.002,,,,37.550000000000004,1.0198636054992676,-86.0
1757102952.7614207,303.039,0.002,,,,53.29,1.020578384399414,-86.0
1757102953.7817874,303.037,0.002,,,,15.82,1.0203666687011719,-86.0
1757102954.8020613,303.035,0.002,,,,38.89,1.0202739238739014,-68.60000000000001
1757102955.821476,303.035,0.002,,,,39.160000000000004,1.0194146633148193,-68.60000000000001
1757102956.8419213,303.033,0.002,,,,16.330000000000002,1.0204453468322754,-68.60000000000001
1757102957.8624332,303.032,0.002,,,,39.81,1.0205118656158447,-68.60000000000001
1757102958.8829596,303.031,0.002,,,,16.55,1.02052640914917,-68.60000000000001
1757102959.9034219,303.028,0.002,,,,16.59,1.0204622745513916,-47.400000000000006
1757102960.923874,303.027,0.002,,,,16.59,1.0204520225524902,-47.400000000000006
1757102961.9442046,303.025,0.002,,,,16.59,1.0203306674957275,-47.400000000000006
1757102962.9646702,303.023,0.002,,,,5.99,1.020465612411499,-47.400000000000006
1757102963.9852798,303.021,0.002,,,,5.99,1.0206096172332764,-47.400000000000006
1757102965.0059493,303.021,0.002,,,,39.42,1.0206694602966309,-29.200000000000003
1757102966.0268345,303.019,0.002,,,,5.51,1.0208852291107178,-29.200000000000003
1757102967.0480366,303.01800000000003,0.002,,,,23.94,1.0212020874023438,-29.200000000000003
1757102968.0695336,303.01800000000003,0.002,,,,23.75,1.0214970111846924,-29.200000000000003
1757102969.090872,303.017,0.002,,,,23.75,1.0213384628295898,-29.200000000000003
1757102970.112038,303.015,0.002,,,,5.45,1.0211658477783203,-11.0
1757102971.1330843,303.016,0.002,,,,38.910000000000004,1.0210464000701904,-11.0
1757102972.1540189,303.015,0.002,,,,5.24,1.0209345817565918,-11.0
1757102973.174968,303.017,0.002,,,,54.620000000000005,1.020949125289917,-11.0
1757102974.1957016,303.021,0.002,,,,55.21,1.0207335948944092,-11.0
1757102975.216394,303.039,0.002,,,,125.46000000000001,1.0206923484802246,-87.10000000000001
1757102976.2372043,303.05899999999997,0.002,,,,131.34,1.0208103656768799,-87.10000000000001
1757102977.25801,303.077,0.002,,,,122.65,1.0208055973052979,-87.10000000000001
1757102978.2788117,303.101,0.002,,,,144.59,1.0208017826080322,-87.10000000000001
1757102979.2996418,303.117,0.002,,,,110.3,1.0208301544189453,-87.10000000000001
1757102980.320256,303.126,0.002,,,,94.68,1.0206141471862793,-270.3
1757102981.3405883,303.132,0.002,,,,97.49000000000001,1.0203323364257812,-270.3
1757102982.3608572,303.128,0.002,,,,26.52,1.0202689170837402,-270.3
1757102983.3810759,303.121,0.002,,,,26.95,1.0202186107635498,-270.3
1757102984.401139,303.114,0.002,,,,26.96,1.0200631618499756,-270.3
1757102985.4205904,303.108,0.002,,,,26.92,1.019451379776001,-258.90000000000003
1757102986.4402728,303.101,0.002,,,,15.52,1.0196824073791504,-258.90000000000003
1757102987.4599612,303.097,0.002,,,,59.2,1.019688367843628,-258.90000000000003
1757102988.4795983,303.091,0.002,,,,15.370000000000001,1.019637107849121,-258.90000000000003
1757102989.4998612,303.084,0.002,,,,15.4,1.0202629566192627,-258.90000000000003
1757102990.639293,303.071,0.002,,,,-7.74,1.1394317150115967,-191.4
1757102991.658488,303.06600000000003,0.002,,,,13.98,1.0191950798034668,-191.4
1757102993.6384082,303.055,0.002,,,,-16.41,1.9799201488494873,-191.4
1757102994.6566193,303.055,0.002,,,,-16.41,1.0182111263275146,-191.4
1757102995.675297,303.045,0.002,,,,-10.01,1.0186777114868164,-119.10000000000001
1757102996.6942096,303.04200000000003,0.002,,,,-24.26,1.0189125537872314,-119.10000000000001
1757102997.7134428,303.039,0.002,,,,-23.69,1.019233226776123,-119.10000000000001
1757102998.7330387,303.036,0.002,,,,-8.57,1.0195958614349365,-119.10000000000001
1757103000.6365879,303.033,0.002,,,,56.21,1.9035491943359375,-65.9
1757103001.6550388,303.038,0.002,,,,73.25,1.0184509754180908,-65.9
1757103002.673768,303.038,0.002,,,,41.63,1.0187292098999023,-65.9
1757103003.6924572,303.04,0.002,,,,59.27,1.0186891555786133,-65.9
1757103004.711238,303.041,0.002,,,,43.33,1.0187807083129883,-75.60000000000001
1757103005.7302392,303.043,0.002,,,,61.18,1.0190012454986572,-75.60000000000001
1757103006.7493224,303.043,0.002,,,,44.87,1.0190832614898682,-75.60000000000001
1757103007.7686763,303.041,0.002,,,,8.61,1.0193538665771484,-75.60000000000001
1757103008.7881815,303.041,0.002,,,,45.5,1.019505262374878,-75.60000000000001
1757103009.8078823,303.039,0.002,,,,19.28,1.0197007656097412,-71.3
1757103010.827488,303.037,0.002,,,,8.84,1.0196056365966797,-71.3
1757103011.8471,303.036,0.002,,,,45.49,1.0196120738983154,-71.3
1757103012.8667042,303.035,0.002,,,,19.28,1.019604206085205,-71.3
1757103013.8863785,303.034,0.002,,,,45.81,1.019674301147461,-71.3
1757103014.9060147,303.033,0.002,,,,19.51,1.0196361541748047,-57.400000000000006
1757103018.635659,303.024,0.002,,,,-9.01,3.729644298553467,-57.400000000000006
1757103019.6562872,303.024,0.002,,,,-9.01,1.0206282138824463,-57.400000000000006
1757103020.6772037,303.02,0.002,,,,6.63,1.02091646194458,-30.3
1757103021.697987,303.019,0.002,,,,25.01,1.0207834243774414,-30.3
1757103022.71846,303.017,0.002,,,,6.17,1.0204730033874512,-30.3
1757103023.7387543,303.016,0.002,,,,24.66,1.020294189453125,-30.3
1757103024.7588382,303.015,0.002,,,,5.89,1.0200839042663574,-10.5
1757103025.7786703,303.016,0.002,,,,39.87,1.0198321342468262,-10.5
1757103026.798382,303.015,0.002,,,,16.39,1.0197117328643799,-10.5
1757103027.8180711,303.01800000000003,0.002,,,,56.25,1.0196890830993652,-10.5
1757103028.8376915,303.01800000000003,0.002,,,,16.740000000000002,1.019620418548584,-10.5
1757103029.8571765,303.02,0.002,,,,57.51,1.0194849967956543,-23.200000000000003
1757103030.8766978,303.022,0.002,,,,41.72,1.0195212364196777,-23.200000000000003
1757103031.8962665,303.023,0.002,,,,42.410000000000004,1.019568681716919,-23.200000000000003
1757103032.915747,303.022,0.002,,,,17.82,1.0194804668426514,-23.200000000000003
1757103033.9355426,303.025,0.002,,,,59.99,1.0197956562042236,-23.200000000000003
1757103034.9555004,303.024,0.002,,,,7.4,1.0199577808380127,-27.6
1757103035.975485,303.023,0.002,,,,-9.18,1.0199847221374512,-27.6
1757103036.9955306,303.021,0.002,,,,-9.040000000000001,1.020045518875122,-27.6
1757103038.015667,303.021,0.002,,,,25.39,1.0201363563537598,-27.6
1757103039.0357583,303.019,0.002,,,,6.17,1.0200912952423096,-27.6
1757103040.055918,303.01800000000003,0.002,,,,14.83,1.0201597213745117,-16.0
1757103041.0759404,303.017,0.002,,,,9.15,1.0200223922729492,-16.0
1757103042.0959253,303.016,0.002,,,,11.07,1.0199849605560303,-16.0
1757103043.1159391,303.014,0.002,,,,10.93,1.0200138092041016,-16.0
1757103044.1358056,303.014,0.002,,,,26.84,1.0198664665222168,-16.0
1757103045.1554103,303.014,0.002,,,,26.73,1.0196046829223633,-5.800000000000001
1757103046.174955,303.014,0.002,,,,29.87,1.0195446014404297,-5.800000000000001
1757103047.1941822,303.015,0.002,,,,36.26,1.0192272663116455,-5.800000000000001
1757103048.2135344,303.016,0.002,,,,39.7,1.0193521976470947,-5.800000000000001
1757103049.2331305,303.016,0.002,,,,27.48,1.0195960998535156,-5.800000000000001
1757103050.2527678,303.017,0.002,,,,37.21,1.0196373462677002,-11.100000000000001
1757103051.2726038,303.017,0.002,,,,34.25,1.0198359489440918,-11.100000000000001
1757103052.292602,303.017,0.002,,,,28.18,1.01999831199646,-11.100000000000001
1757103053.3126686,303.017,0.002,,,,11.58,1.020066499710083,-11.100000000000001
1757103054.3328846,303.016,0.002,,,,11.55,1.0202159881591797,-11.100000000000001
1757103056.6406465,303.013,0.002,,,,10.9,2.3077619075775146,-4.800000000000001
1757103057.661247,303.013,0.002,,,,29.63,1.0206005573272705,-4.800000000000001
1757103058.6820762,303.013,0.002,,,,32.7,1.020829200744629,-4.800000000000001
1757103059.7028737,303.015,0.002,,,,45.52,1.0207974910736084,-8.200000000000001
1757103060.7237136,303.015,0.002,,,,16.26,1.0208399295806885,-8.200000000000001
1757103061.7445889,303.015,0.002,,,,36.800000000000004,1.0208752155303955,-8.200000000000001
1757103062.765549,303.016,0.002,,,,37.0,1.0209600925445557,-8.200000000000001
1757103063.786621,303.016,0.002,,,,30.990000000000002,1.0210721492767334,-8.200000000000001
1757103064.807631,303.017,0.002,,,,40.86,1.021009922027588,-13.5
1757103065.82853,303.01800000000003,0.002,,,,34.74,1.0208990573883057,-13.5
1757103066.8493593,303.017,0.002,,,,15.370000000000001,1.020829200744629,-13.5
1757103067.8700602,303.017,0.002,,,,31.94,1.0207009315490723,-13.5
1757103068.8898456,303.017,0.002,,,,13.43,1.0197854042053223,-13.5
1757103069.9102447,303.016,0.002,,,,25.560000000000002,1.0203990936279297,-9.9
1757103070.9305243,303.015,0.002,,,,15.38,1.0202796459197998,-9.9
1757103071.9505768,303.014,0.002,,,,6.57,1.020052433013916,-9.9
1757103072.9704635,303.013,0.002,,,,13.25,1.0198867321014404,-9.9
1757103073.9901607,303.013,0.002,,,,13.08,1.0196971893310547,-9.9
1757103075.0095305,303.012,0.002,,,,24.82,1.0193698406219482,-0.8
1757103076.028313,303.012,0.002,,,,31.05,1.018782377243042,-0.8
1757103077.0471625,303.013,0.002,,,,34.31,1.0188496112823486,-0.8
1757103078.0659347,303.013,0.002,,,,16.88,1.0187721252441406,-0.8
1757103079.08454,303.013,0.002,,,,16.94,1.0186052322387695,-0.8
1757103080.1030273,303.012,0.002,,,,16.94,1.0184874534606934,2.1
1757103081.121466,303.012,0.002,,,,15.13,1.0184385776519775,2.1
1757103082.1393616,303.011,0.002,,,,25.07,1.0178956985473633,2.1
1757103083.1577318,303.011,0.002,,,,25.04,1.0183701515197754,2.1
1757103084.1760726,303.011,0.002,,,,25.04,1.018340826034546,2.1
1757103085.194445,303.012,0.002,,,,25.04,1.0183722972869873,3.1
1757103086.212795,303.011,0.002,,,,11.5,1.0183501243591309,3.1
1757103087.6385605,303.01,0.002,,,,6.13,1.4257655143737793,3.1
1757103088.6567626,303.009,0.002,,,,5.82,1.0182020664215088,3.1
1757103089.6752806,303.009,0.002,,,,5.82,1.0185179710388184,3.1
1757103092.6343746,303.006,0.002,,,,-6.5200000000000005,2.9590940475463867,11.5
1757103093.6426253,303.006,0.002,,,,-5.18,1.0082507133483887,11.5
1757103094.6613483,303.006,0.002,,,,-5.18,1.0187230110168457,11.5
1757103095.680141,303.005,0.002,,,,9.03,1.0187926292419434,19.6
1757103097.6413918,303.004,0.002,,,,-9.200000000000001,1.9612507820129395,19.6
1757103098.6611757,303.004,0.002,,,,-20.080000000000002,1.0197839736938477,19.6
1757103099.6813483,303.004,0.002,,,,-20.080000000000002,1.0201725959777832,19.6
1757103100.701585,303.009,0.002,,,,-44.550000000000004,1.0202367305755615,14.100000000000001
1757103101.7220933,303.013,0.002,,,,-53.61,1.0205082893371582,14.100000000000001
1757103102.742931,303.016,0.002,,,,-42.980000000000004,1.0208375453948975,14.100000000000001
1757103103.7638404,303.017,0.002,,,,-20.76,1.0209095478057861,14.100000000000001
1757103105.6353662,303.017,0.002,,,,32.37,1.871525764465332,-2.4000000000000004
1757103106.6560292,303.02,0.002,,,,59.99,1.0206630229949951,-2.4000000000000004
1757103107.676924,303.025,0.002,,,,72.12,1.0208947658538818,-2.4000000000000004
1757103108.6975467,303.029,0.002,,,,57.68,1.020622730255127,-2.4000000000000004
1757103109.7184038,303.029,0.002,,,,18.88,1.0208570957183838,-33.7
1757103110.7390425,303.034,0.002,,,,70.18,1.0206387042999268,-33.7
1757103111.759621,303.045,0.002,,,,103.46000000000001,1.020578384399414,-33.7
1757103112.7800415,303.055,0.002,,,,94.92,1.0204205513000488,-33.7
1757103113.8002276,303.061,0.002,,,,72.99,1.020186185836792,-33.7
1757103114.8202271,303.062,0.002,,,,32.83,1.0199995040893555,-110.0
1757103116.6422884,303.055,0.002,,,,-9.48,1.82206130027771,-110.0
1757103117.6624389,303.052,0.002,,,,15.91,1.0201504230499268,-110.0
1757103118.681753,303.049,0.002,,,,27.35,1.0193140506744385,-110.0
1757103119.7018313,303.047,0.002,,,,27.51,1.020078420639038,-95.9
1757103121.6420755,303.041,0.002,,,,15.700000000000001,1.940244197845459,-95.9
1757103122.6625082,303.038,0.002,,,,27.310000000000002,1.020432710647583,-95.9
1757103123.6833057,303.035,0.002,,,,10.700000000000001,1.0207974910736084,-95.9
1757103124.7039716,303.032,0.002,,,,10.68,1.0206658840179443,-61.7
1757103125.7244716,303.03,0.002,,,,10.68,1.0204999446868896,-61.7
1757103126.74475,303.028,0.002,,,,27.55,1.0202784538269043,-61.7
1757103127.7646668,303.026,0.002,,,,10.75,1.0199167728424072,-61.7
1757103128.7843342,303.024,0.002,,,,10.84,1.019667387008667,-61.7
1757103129.8040237,303.023,0.002,,,,27.830000000000002,1.0196895599365234,-34.800000000000004
1757103130.8237948,303.021,0.002,,,,10.82,1.0197710990905762,-34.800000000000004
1757103131.8435636,303.02,0.002,,,,10.91,1.0197687149047852,-34.800000000000004
1757103133.6419036,303.017,0.002,,,,27.98,1.798340082168579,-34.800000000000004
1757103134.6645238,303.017,0.002,,,,27.98,1.0226202011108398,-34.800000000000004
1757103136.6412249,303.014,0.002,,,,15.91,1.976701021194458,-15.700000000000001
1757103137.663639,303.013,0.002,,,,15.63,1.022414207458496,-15.700000000000001
1757103140.6395514,303.011,0.002,,,,27.16,2.97591233253479,1.6
1757103141.6476803,303.011,0.002,,,,27.22,1.0081288814544678,1.6
1757103143.6347444,303.01,0.002,,,,-8.53,1.9870641231536865,1.6
1757103144.6525438,303.01,0.002,,,,-8.53,1.0177993774414062,1.6
1757103145.6706822,303.008,0.002,,,,-8.1,1.0181384086608887,9.4
1757103147.6349823,303.008,0.002,,,,23.61,1.9643001556396484,9.4
1757103148.6530712,303.008,0.002,,,,23.53,1.0180888175964355,9.4
1757103149.670489,303.008,0.002,,,,23.53,1.0174179077148438,9.4
1757103150.6884427,303.008,0.002,,,,23.81,1.017953634262085,14.600000000000001
1757103151.707042,303.007,0.002,,,,8.99,1.018599271774292,14.600000000000001
1757103152.7261271,303.007,0.002,,,,9.07,1.019085168838501,14.600000000000001
1757103153.7453995,303.006,0.002,,,,9.07,1.0192723274230957,14.600000000000001
1757103154.764875,303.006,0.002,,,,-8.09,1.0194754600524902,18.400000000000002
1757103155.7845035,303.009,0.002,,,,-43.06,1.0196285247802734,18.400000000000002
1757103156.8043213,303.011,0.002,,,,-39.17,1.01981782913208,18.400000000000002
1757103157.824472,303.011,0.002,,,,-15.450000000000001,1.0201506614685059,18.400000000000002
1757103159.6788232,303.011,0.002,,,,21.400000000000002,1.854351282119751,9.0
1757103160.699484,303.014,0.002,,,,54.02,1.0206608772277832,9.0
1757103161.7202334,303.015,0.002,,,,40.64,1.0207493305206299,9.0
1757103162.7407658,303.017,0.002,,,,43.34,1.0205323696136475,9.0
1757103163.761038,303.02,0.002,,,,55.730000000000004,1.0202722549438477,9.0
1757103164.7811422,303.022,0.002,,,,38.800000000000004,1.020104169845581,-18.8
1757103165.8011174,303.024,0.002,,,,51.17,1.019975185394287,-18.8
1757103166.8201926,303.029,0.002,,,,67.29,1.0190751552581787,-18.8
1757103167.839716,303.03,0.002,,,,34.04,1.0195233821868896,-18.8
1757103168.8591213,303.03,0.002,,,,35.36,1.0194053649902344,-18.8
1757103170.6377332,303.028,0.002,,,,24.89,1.7786118984222412,-36.2
1757103171.6558785,303.026,0.002,,,,9.48,1.0181453227996826,-36.2
1757103172.6743555,303.025,0.002,,,,9.57,1.018476963043213,-36.2
1757103174.6814752,303.021,0.002,,,,-8.13,2.007119655609131,-24.6
1757103176.6382308,303.01800000000003,0.002,,,,-13.6,1.9567556381225586,-24.6
1757103177.6578548,303.017,0.002,,,,12.5,1.0196239948272705,-24.6
1757103178.6778307,303.016,0.002,,,,-7.65,1.0199759006500244,-24.6
1757103181.6411893,303.012,0.002,,,,-11.41,2.9633586406707764,-7.9
1757103182.6500206,303.011,0.002,,,,-6.74,1.008831262588501,-7.9
1757103185.6443038,303.009,0.002,,,,9.08,2.9942831993103027,6.6000000000000005
1757103189.67409,303.006,0.002,,,,-9.25,4.029786109924316,16.8
1757103190.6944458,303.006,0.002,,,,-24.92,1.0203559398651123,16.8
1757103191.7148898,303.007,0.002,,,,-24.67,1.0204439163208008,16.8
1757103192.735136,303.007,0.002,,,,-15.34,1.0202462673187256,16.8
1757103193.7551897,303.007,0.002,,,,-6.21,1.0200536251068115,16.8
1757103196.6409862,303.006,0.002,,,,17.26,2.885796546936035,18.2
1757103197.6609695,303.006,0.002,,,,27.310000000000002,1.0199832916259766,18.2
1757103198.6803598,303.006,0.002,,,,22.23,1.019390344619751,18.2
1757103201.6390598,303.005,0.002,,,,-5.32,2.958699941635132,19.400000000000002
1757103204.6633742,303.004,0.002,,,,6.640000000000001,3.0243144035339355,23.5
1757103215.6419582,303.002,0.002,,,,28.580000000000002,10.978584051132202,30.6
1757103216.660192,303.003,0.002,,,,41.27,1.0182337760925293,30.6
1757103217.678729,303.004,0.002,,,,30.75,1.0185370445251465,30.6
1757103218.6971872,303.005,0.002,,,,32.53,1.0184581279754639,30.6
1757103219.7157109,303.007,0.002,,,,31.25,1.0185236930847168,19.400000000000002
1757103220.7344556,303.009,0.002,,,,47.04,1.018744707107544,19.400000000000002
1757103221.7534878,303.011,0.002,,,,46.94,1.0190322399139404,19.400000000000002
1757103222.772643,303.014,0.002,,,,50.34,1.0191552639007568,19.400000000000002
1757103223.7919943,303.019,0.002,,,,66.09,1.0193512439727783,19.400000000000002
1757103224.811864,303.022,0.002,,,,43.550000000000004,1.0198695659637451,-15.8
1757103225.8317394,303.021,0.002,,,,16.46,1.0198755264282227,-15.8
1757103226.85159,303.02,0.002,,,,6.91,1.019850492477417,-15.8
1757103227.8714414,303.019,0.002,,,,18.93,1.0198514461517334,-15.8
1757103228.8911595,303.019,0.002,,,,28.41,1.0197181701660156,-15.8
1757103229.9108598,303.019,0.002,,,,38.96,1.019700288772583,-19.0
1757103230.929852,303.021,0.002,,,,50.93,1.0189921855926514,-19.0
1757103231.9494658,303.024,0.002,,,,51.22,1.0196137428283691,-19.0
1757103232.9688792,303.026,0.002,,,,56.0,1.0194134712219238,-19.0
1757103233.988059,303.03,0.002,,,,58.68,1.0191798210144043,-19.0
1757103235.0071268,303.03,0.002,,,,25.26,1.0190677642822266,-39.400000000000006
1757103236.0261984,303.03,0.002,,,,37.93,1.0190715789794922,-39.400000000000006
1757103237.0452485,303.028,0.002,,,,10.16,1.019050121307373,-39.400000000000006
1757103238.641395,303.028,0.002,,,,51.04,1.596146583557129,-39.400000000000006
1757103239.6620777,303.028,0.002,,,,51.04,1.0206825733184814,-39.400000000000006
1757103240.6830893,303.028,0.002,,,,10.85,1.0210115909576416,-46.800000000000004
1757103241.70405,303.031,0.002,,,,67.72,1.020960807800293,-46.800000000000004
1757103242.7249794,303.034,0.002,,,,56.17,1.0209293365478516,-46.800000000000004
1757103243.7459428,303.033,0.002,,,,30.72,1.020963430404663,-46.800000000000004
1757103246.6372259,303.027,0.002,,,,-8.91,2.8912830352783203,-48.1
1757103247.6556308,303.027,0.002,,,,30.18,1.0184049606323242,-48.1
1757103248.6743836,303.026,0.002,,,,29.92,1.0187528133392334,-48.1
1757103249.693286,303.024,0.002,,,,11.790000000000001,1.01890230178833,-33.6
1757103250.7121582,303.023,0.002,,,,30.400000000000002,1.0188722610473633,-33.6
1757103253.640655,303.019,0.002,,,,17.32,2.928496837615967,-33.6
1757103254.648758,303.019,0.002,,,,17.32,1.0081028938293457,-33.6
