time_sent,temp,internal_resistance,p,innovation,time_recv,current,dt,cooling_power
1757098381.805836,296.194,0.01795441628156841,7.2756977180363115e-09,2678.986694351756,1757098382.0613565,-28.61,1.3248565196990967,1500.0
1757098383.101563,296.23199999999997,0.021490307188263814,7.2885238154711945e-09,2673.139265634541,1757098383.387557,-13.48,1.295727014541626,1500.0
1757098384.4289002,296.269,0.018663744629751497,7.303055743164731e-09,2617.916664035938,1757098384.6588802,-6.11,1.3273372650146484,1500.0
1757098386.7210946,296.382,0.02330150166671931,7.315902379140157e-09,3470.861033856002,1757098387.1485355,13.52,2.292194366455078,1500.0
1757098388.1883776,296.42,0.033286346477184,7.314921533322235e-09,2527.6952399203687,1757098388.5323658,23.240000000000002,1.467283010482788,1500.0
1757098389.5697055,296.501,0.07404665513814078,7.212585331423842e-09,3798.466430507546,1757098389.848004,38.57,1.3813278675079346,1500.0
1757098390.8852804,296.547,0.15589733663420904,5.9058495527449195e-09,2490.926758436675,1757098391.1825373,74.59,1.3155748844146729,1500.0
1757098392.2183855,296.592,0.20542914245709232,5.3576323076001406e-09,2199.5602403194766,1757098392.4554574,64.83,1.3331050872802734,1500.0
1757098393.4913003,296.683,0.20826231467184236,5.367942513052759e-09,4336.93208214235,1757098393.7606556,11.03,1.2729148864746094,1500.0
1757098394.7993522,296.723,0.23037932868274158,5.289326959031008e-09,2359.4313015007865,1757098395.127625,42.1,1.3080518245697021,1500.0
1757098396.1634088,296.77,0.27094943764014023,4.5509162178035004e-09,1599.7072878602958,1757098396.431683,74.65,1.3640565872192383,1500.0
1757098397.4682353,296.85699999999997,0.3084073041060973,4.443975441516912e-09,3522.0212337666726,1757098397.7188866,48.92,1.3048264980316162,1500.0
1757098398.7572734,296.896,0.3105372933384737,4.452242000541937e-09,2660.964135197186,1757098399.049775,13.4,1.2890381813049316,1500.0
1757098400.085271,296.935,0.31937010138279026,4.447888360139416e-09,2427.055712477665,1757098400.3100646,28.6,1.3279974460601807,1500.0
1757098401.3460221,296.973,0.328388848037621,4.443178515693598e-09,2447.216157718611,1757098401.5933998,28.8,1.2607512474060059,1500.0
1757098403.6539893,297.086,0.3291745540688255,4.452030879171559e-09,3447.090039654959,1757098403.8941805,-7.15,2.307967185974121,1500.0
1757098404.930238,297.123,0.32984159345330843,4.460888466467995e-09,2648.1488779690076,1757098405.2423542,-7.54,1.2762486934661865,1500.0
1757098406.2790642,297.161,0.3329426834386725,4.468340553228634e-09,2544.316393905169,1757098406.5632472,16.52,1.3488261699676514,1500.0
1757098407.5990815,297.242,0.3730019220727791,4.273744303204268e-09,2874.080490115909,1757098407.878097,57.11,1.3200173377990723,1500.0
1757098408.9132874,297.283,0.39041014078932385,4.202907683127404e-09,1972.2080075453928,1757098409.2017643,45.83,1.3142058849334717,1500.0
1757098410.2375596,297.322,0.39803969323911664,4.201108475790004e-09,2389.2943123681375,1757098410.5236464,27.57,1.3242721557617188,1500.0
1757098411.5585287,297.399,0.4009578316446192,4.208926738892932e-09,3764.6895478456036,1757098411.8771744,13.57,1.3209691047668457,1500.0
1757098412.9120855,297.436,0.401265771743275,4.21734753336289e-09,2590.8759185287126,1757098413.2294989,5.29,1.3535568714141846,1500.0
1757098417.333659,297.586,0.4018760799070545,4.225753753513346e-09,2845.1751249094523,1757098417.606612,-7.1000000000000005,4.4215734004974365,1500.0
1757098418.6441684,297.661,0.4082232748397496,4.231167778253669e-09,3630.829662859195,1757098418.8926382,-20.32,1.310509443283081,1500.0
1757098419.9268756,297.7,0.41522291963099656,4.231461572175904e-09,2450.056964738359,1757098420.245872,-25.990000000000002,1.2827072143554688,1500.0
1757098421.2825968,297.738,0.4173064503241497,4.239272402633947e-09,2551.0104271582027,1757098421.5374215,-13.89,1.3557212352752686,1500.0
1757098422.5711243,297.814,0.43243340314607104,4.228266920550093e-09,3432.5753685491213,1757098422.846027,32.28,1.288527488708496,1500.0
1757098423.8803802,297.854,0.4469702212554023,4.181456711818093e-09,1968.4510973093672,1757098424.2305317,42.03,1.309255838394165,1500.0
1757098425.2656584,297.896,0.4637009070159558,4.0535865465710485e-09,1457.237354213349,1757098425.5691695,53.22,1.3852782249450684,1500.0
1757098426.6075423,297.976,0.4869179572493111,4.0006938752595405e-09,2994.943332044987,1757098426.93705,44.02,1.341883897781372,1500.0
1757098428.9960501,298.054,0.49891351296655556,3.976645436301824e-09,2126.5172366648426,1757098429.3199599,37.660000000000004,2.388507843017578,1500.0
1757098430.3555489,298.094,0.49852934892057615,3.949099043346418e-09,1956.7813543809073,1757098430.7389262,38.76,1.3594987392425537,1500.0
1757098431.7768333,298.169,0.49898216050195365,3.956997338105375e-09,3605.03988911874,1757098432.0320563,-5.63,1.4212844371795654,1500.0
1757098433.0684114,298.206,0.4996999789656193,3.964851864654967e-09,2623.289314410852,1757098433.332215,-8.32,1.2915780544281006,1500.0
1757098434.3687246,298.244,0.502228256888323,3.971133931611104e-09,2518.988938210144,1757098434.7201266,-18.02,1.3003132343292236,1500.0
1757098439.8491366,298.468,0.5054256311493952,3.977966500890077e-09,3012.472942042147,1757098440.1265254,16.330000000000002,5.480412006378174,1500.0
1757098441.1613998,298.505,0.5084768927244228,3.984435181330178e-09,2485.5998817163086,1757098441.4557996,17.54,1.3122632503509521,1500.0
1757098444.5356543,298.655,0.5089272121383607,3.992401353540945e-09,3273.163175001784,1757098444.8155591,-5.8500000000000005,3.3742544651031494,1500.0
1757098447.8917518,298.766,0.509250742868752,4.000389242252097e-09,2822.2815747864815,1757098448.1787958,5.33,3.356097459793091,1500.0
1757098449.2112932,298.804,0.5095519915497073,4.008393087022255e-09,2651.9789236445267,1757098449.509484,5.33,1.3195414543151855,1500.0
1757098450.5424461,298.878,0.5099747033621943,4.016412919620432e-09,3722.1418987860097,1757098450.8033075,5.33,1.3311529159545898,1500.0
1757098451.837654,298.915,0.5102721996051119,4.024448771878484e-09,2643.218534238604,1757098452.1121316,5.33,1.2952079772949219,1500.0
1757098453.145435,298.952,0.5105715651909193,4.032500675691223e-09,2632.402796176973,1757098453.4428973,5.33,1.3077809810638428,1500.0
1757098454.4773593,299.027,0.5110006223754497,4.0405686630165474e-09,3751.454496094807,1757098454.769895,5.33,1.3319242000579834,1500.0
1757098455.8050485,299.064,0.5113008780869794,4.048652765875559e-09,2615.9269380493165,1757098456.177555,5.33,1.3276891708374023,1500.0
1757098457.2109914,299.101,0.5115943585715523,4.056753016352692e-09,2554.1341329119505,1757098457.4848132,5.33,1.4059429168701172,1500.0
1757098458.5212004,299.176,0.5205301588413787,4.058272320731117e-09,3480.028298672676,1757098458.8577235,25.16,1.310209035873413,1500.0
1757098459.8957548,299.216,0.5203798696647511,3.782757100946765e-09,-9.242291528431451,1757098460.209676,65.53,1.3745543956756592,1045.7
1757098461.2451596,299.246,0.5268101967030034,3.7150266819619705e-09,748.4327221447284,1757098461.506516,48.09,1.3494048118591309,1045.7
1757098463.5680833,299.324,0.5304685266948145,3.7196162490399035e-09,2165.9139206460154,1757098463.8496478,21.31,2.3229236602783203,1045.7
1757098464.8841853,299.352,0.5375228629760462,3.7118625734001595e-09,1812.257346116056,1757098465.1720915,32.38,1.3161020278930664,1500.0
1757098466.2076335,299.392,0.5497446711319605,3.660993721685311e-09,1613.6387957182774,1757098466.457847,45.49,1.3234481811523438,1500.0
1757098467.4935324,299.494,0.4597945257012033,2.1337463148602493e-09,-3010.5566455700027,1757098467.750991,118.33,1.2858989238739014,1500.0
1757098468.7865682,299.572,0.23565341519873673,6.994789621317572e-10,-10331.658891049337,1757098469.0698025,176.11,1.2930357456207275,1500.0
1757098470.1062884,299.626,0.24279060847114892,6.777982471226773e-10,1511.3528082924968,1757098470.369825,83.49,1.3197202682495117,1500.0
1757098471.4049377,299.66700000000003,0.23772346483278575,6.784635159914356e-10,2491.9417808489566,1757098471.6814127,35.02,1.2986493110656738,1500.0
1757098472.7166646,299.809,0.24557052401692436,5.158819144699155e-10,703.8455280377957,1757098472.9905906,147.04,1.3117268085479736,1500.0
1757098474.0272448,299.876,0.23678797569642385,4.36696024636059e-10,-1066.778665705755,1757098474.3646631,137.3,1.3105802536010742,1500.0
1757098475.400716,299.956,0.20860666612947487,3.2061748521849303e-10,-3992.9597542400297,1757098475.6958838,169.92000000000002,1.3734712600708008,750.0
1757098476.7330685,300.01800000000003,0.20891173059097226,3.212460386881482e-10,2553.1971833853313,1757098476.9966238,19.18,1.3323523998260498,750.0
1757098478.0331717,300.04,0.2096647036839719,3.211936568880147e-10,905.5066178540749,1757098478.3354056,50.94,1.3001031875610352,750.0
1757098479.3739426,300.068,0.20932074803098555,3.1715676263452533e-10,191.2526182740703,1757098479.6566365,82.29,1.340770959854126,750.0
1757098481.718086,300.165,0.21027853648894504,3.1768753915722943e-10,2961.302027917535,1757098482.0092552,31.92,2.3441433906555176,1500.0
1757098483.045295,300.203,0.21105994992297342,3.182233086806372e-10,2456.0402553664912,1757098483.2894328,31.59,1.3272089958190918,1500.0
1757098485.3492777,300.287,0.21427561201519926,3.135896375658292e-10,1412.2800001891956,1757098485.6663656,85.21000000000001,2.303982734680176,1466.1000000000001
1757098486.704566,300.363,0.2153961972938279,3.141170141774774e-10,3511.7384798157914,1757098486.9955564,31.810000000000002,1.3552882671356201,1466.1000000000001
1757098489.0517848,300.437,0.21616622326118154,3.1465563331754537e-10,2542.134438895725,1757098489.3204231,30.95,2.3472187519073486,1466.1000000000001
1757098491.3778105,300.511,0.21620236634781467,3.152860707816043e-10,2786.195140801586,1757098491.6537151,-6.07,2.3260257244110107,1500.0
1757098493.710857,300.624,0.21693289727119403,3.1586876958040686e-10,3306.530243746389,1757098494.0309324,-26.490000000000002,2.3330464363098145,1500.0
1757098495.0679724,300.663,0.21786680674032494,3.1634997115252757e-10,2405.0021624317296,1757098495.4041858,-35.09,1.3571155071258545,1500.0
1757098496.4397652,300.702,0.217703153366106,3.168837810407316e-10,2443.3825863003285,1757098496.7294917,-31.6,1.3717927932739258,1500.0
1757098498.785463,300.814,0.21786299980447588,3.175165185960534e-10,3398.73257152516,1757098499.0062866,-12.290000000000001,2.3456978797912598,1500.0
1757098500.0407631,300.852,0.2184448197231827,3.181013907069482e-10,2578.8965450952724,1757098500.339517,-26.7,1.2553000450134277,1500.0
1757098501.3738585,300.892,0.21911838843399975,3.184539971359557e-10,2358.764181677403,1757098501.7014086,-40.93,1.3330953121185303,1500.0
1757098502.7396657,300.978,0.2207781147061989,3.188950005874012e-10,3735.2215139851587,1757098503.0341356,-37.31,1.365807294845581,1500.0
1757098504.0696375,301.015,0.22080397034653507,3.195339857016919e-10,2630.7206991029484,1757098504.3863795,5.34,1.3299717903137207,1500.0
1757098505.4222257,301.052,0.22080385023619173,3.201742510142255e-10,2612.304316032067,1757098505.6933525,5.34,1.352588176727295,1500.0
1757098506.7295415,301.126,0.22083458566755854,3.2081579908919364e-10,3780.5753727439997,1757098507.0131953,5.34,1.3073158264160156,1500.0
1757098508.0483212,301.163,0.22085420704350384,3.2145863249592123e-10,2640.791684347764,1757098508.3443873,5.34,1.318779706954956,1500.0
1757098509.3813744,301.2,0.22085414683357157,3.221027538088768e-10,2628.955512165724,1757098509.6774635,5.34,1.3330531120300293,1500.0
1757098510.7126079,301.274,0.22088442610686487,3.227481656076826e-10,3740.6029836064895,1757098511.0234582,5.34,1.3312335014343262,1500.0
1757098512.060987,301.311,0.22090413195057765,3.2339487047712516e-10,2616.8376889615315,1757098512.32993,5.34,1.348379135131836,1500.0
1757098513.3677506,301.348,0.22090800808833158,3.240428447679936e-10,2650.9944270624756,1757098513.6250489,5.71,1.3067636489868164,1500.0
1757098514.6625304,301.421,0.22102694887644075,3.246912607852365e-10,3758.0285109383826,1757098514.9245083,9.790000000000001,1.2947797775268555,1500.0
1757098515.9613452,301.458,0.2210784253077999,3.253416115498033e-10,2653.1948209249244,1757098516.2152987,7.49,1.2988147735595703,1500.0
1757098517.2519338,301.496,0.22204822088596213,3.258352922290742e-10,2434.0557613843544,1757098517.5505662,34.94,1.290588617324829,1500.0
1757098518.5881724,301.575,0.2234648478699876,3.2633574606927244e-10,3623.6310575970933,1757098518.911029,34.59,1.3362386226654053,1500.0
1757098519.9490054,301.612,0.2235126686900413,3.2698931534775797e-10,2600.5756403685837,1757098520.2235982,7.87,1.360832929611206,1500.0
1757098521.2583518,301.649,0.22356625087400211,3.2764415150742117e-10,2642.754195496286,1757098521.5301735,8.06,1.3093464374542236,1500.0
1757098522.5684268,301.723,0.2238794243753161,3.28293864537562e-10,3728.1854559429617,1757098522.8599713,15.9,1.310075044631958,1500.0
1757098523.896475,301.761,0.2247254343897369,3.2883123558196764e-10,2435.608172503704,1757098524.2015285,32.49,1.3280482292175293,1500.0
1757098525.2380068,301.799,0.22530656115691156,3.2943716900233065e-10,2503.513177303429,1757098525.4848926,26.44,1.341531753540039,1500.0
1757098526.5211554,301.875,0.22577809869979817,3.300822770673543e-10,3811.1037601210865,1757098526.820131,19.29,1.2831485271453857,1500.0
1757098527.8580668,301.914,0.22705196982853512,3.3044298675070963e-10,2320.3390592157402,1757098528.195992,40.730000000000004,1.3369114398956299,1500.0
1757098530.2597356,301.989,0.2274419483419285,3.3108375535881356e-10,2676.7783659436163,1757098530.5672705,21.03,2.4016687870025635,1500.0
1757098531.6029987,302.07,0.23098477142758506,3.3049104088941245e-10,3168.6999113068496,1757098531.9296644,58.18,1.3432631492614746,1500.0
1757098532.9653153,302.112,0.2333862049362928,3.294531824898412e-10,1850.1408270391803,1757098533.2424998,62.83,1.362316608428955,1500.0
1757098534.27907,302.169,0.22937057027842989,3.004387144621056e-10,-773.4369999244323,1757098534.6304662,131.52,1.3137545585632324,1500.0
1757098535.6659932,302.241,0.23007363910128006,3.0097039325616275e-10,2652.1970905897842,1757098535.9293923,29.69,1.3869233131408691,750.0
1757098536.9662843,302.259,0.23012121084302303,3.0157199889611904e-10,1304.3664561557189,1757098537.2311916,11.41,1.3002910614013672,750.0
1757098538.2683346,302.278,0.23045532789110168,3.020898518227702e-10,1140.3137298592774,1757098538.5861895,31.2,1.3020503520965576,750.0
1757098540.6478636,302.348,0.23054688686841615,3.026940899335822e-10,2559.518558795836,1757098541.0226593,-10.59,2.3795289993286133,1378.9
1757098542.060454,302.382,0.2307536953647891,3.032928809805103e-10,2304.898937794994,1757098542.2841527,17.07,1.4125902652740479,1378.9
1757098543.3189526,302.41700000000003,0.2314222770470615,3.038151937189817e-10,2299.6153971173617,1757098543.5690916,31.02,1.2584986686706543,1378.9
1757098544.6053376,302.49,0.2330624988206165,3.039581272809524e-10,2408.155555248215,1757098544.8955894,47.37,1.2863850593566895,628.9000000000001
1757098545.9329662,302.505,0.2330992607357837,3.04565952409911e-10,1084.985881335834,1757098546.3103666,10.9,1.3276286125183105,628.9000000000001
1757098547.3477297,302.523,0.23354031045423512,3.0472636749401425e-10,656.9060730112564,1757098547.7046583,46.9,1.4147634506225586,628.9000000000001
1757098548.7399695,302.558,0.23399978016760958,3.0523177763277846e-10,1417.3766966074288,1757098548.9887342,32.6,1.3922398090362549,628.9000000000001
1757098551.049194,302.599,0.23401474903699535,3.058433966934814e-10,1790.3166101485479,1757098551.3394759,-5.19,2.3092246055603027,1054.7
1757098555.4425986,302.724,0.2345262116645215,3.0637831210743746e-10,1848.6026383359367,1757098555.7139673,30.19,4.393404483795166,892.6
1757098556.748266,302.748,0.23532386581136003,3.0648530095971696e-10,1115.8449624124994,1757098557.0248938,48.18,1.3056674003601074,892.6
1757098558.058801,302.787,0.22992343604121065,2.8852914957872123e-10,-1291.9686823908414,1757098558.335282,120.32000000000001,1.310534954071045,892.6
1757098559.370477,302.826,0.23279780905981884,2.77251843772301e-10,-748.0144774853088,1757098559.6378272,110.28,1.311676025390625,892.6
1757098560.6721072,302.913,0.20505360348638052,2.2202039531241555e-10,-4155.4240881094665,1757098560.9524984,173.42000000000002,1.3016302585601807,142.6
1757098561.9870758,302.926,0.20511750025134437,2.2225248144385507e-10,146.38008964863258,1757098562.2667158,45.550000000000004,1.3149685859680176,142.6
1757098563.3027704,302.929,0.2051322454274339,2.2269465941025428e-10,215.87302284845967,1757098563.6052613,15.96,1.3156945705413818,142.6
1757098566.6867254,302.951,0.20456174990822737,2.2195045683549727e-10,-522.2028748861412,1757098567.0276372,70.02,3.3839550018310547,189.4
1757098568.0627213,302.967,0.20233117315960036,2.1850992965905898e-10,-1140.7493362675891,1757098568.3163657,94.56,1.3759958744049072,189.4
1757098569.35209,303.008,0.1777509961035696,1.8132784052165168e-10,-4802.965236552045,1757098569.768662,175.45000000000002,1.2893686294555664,189.4
1757098570.8074772,303.02,0.1777675003075956,1.8168663324939662e-10,258.3200745380147,1757098571.142752,19.31,1.4553873538970947,-39.5
1757098576.269182,303.012,0.17776305713339421,1.8204586365297555e-10,-99.47927939191565,1757098576.5741248,-19.580000000000002,5.461704730987549,-7.7
1757098577.6091251,303.013,0.1776366617943961,1.822615664187649e-10,-319.5282778220111,1757098577.9323351,46.02,1.3399431705474854,-7.7
1757098578.966811,303.013,0.1776390663288688,1.8262452293874127e-10,-19.480711165217503,1757098579.292488,16.2,1.3576858043670654,-7.7
1757098580.3270712,303.014,0.17733655207852841,1.8282119979553648e-10,-737.8215962423596,1757098580.6049383,47.43,1.360260248184204,-402.40000000000003
1757098581.6399765,302.993,0.17732827882749674,1.8318744224129047e-10,-1017.4872693928028,1757098581.9020388,-7.930000000000001,1.3129053115844727,-402.40000000000003
1757098584.9779456,302.961,0.17728378354320798,1.8354632382867086e-10,-509.53266512335034,1757098585.2944527,22.23,3.3379690647125244,-73.8
1757098586.3328161,302.96,0.17714821707965087,1.838013539958847e-10,-392.5015583916818,1757098586.6452186,42.74,1.3548705577850342,-73.8
1757098587.6811497,302.961,0.17698718608410846,1.8400447121280032e-10,-400.73036822988695,1757098587.9973457,46.99,1.3483335971832275,-73.8
1757098589.0339425,302.964,0.17637858906629603,1.8369398819865072e-10,-743.235410675804,1757098589.411734,66.92,1.352792739868164,-73.8
1757098590.4490485,302.968,0.17567567535778789,1.8313797397336347e-10,-734.5094058983024,1757098590.9121532,72.36,1.4151060581207275,41.5
1757098591.9513302,302.972,0.175593838348029,1.8333686852327677e-10,-210.23705880585538,1757098592.234849,47.28,1.502281665802002,41.5
1757098593.2717345,302.974,0.1755946277610674,1.8370124023046822e-10,83.97752373755407,1757098593.5483575,17.32,1.320404291152954,41.5
1757098594.5836267,302.975,0.1755918684380745,1.8406914045766635e-10,120.9781048729841,1757098594.8988764,-9.16,1.3118922710418701,70.60000000000001
1757098595.933286,302.976,0.17559130306546705,1.8443790770490215e-10,124.93392018406773,1757098596.19334,-7.5200000000000005,1.3496592044830322,70.60000000000001
1757098597.229334,302.977,0.17559483632606854,1.8480324727486523e-10,73.96536152962443,1757098597.4814672,-18.81,1.2960481643676758,70.60000000000001
1757098598.518688,302.98199999999997,0.17555940555137775,1.8504174708559142e-10,-84.28718505343159,1757098598.847842,-44.29,1.289353847503662,70.60000000000001
1757098599.884302,302.984,0.17555187679778136,1.8539870952289897e-10,-68.99529505479595,1757098600.2047956,-25.2,1.3656139373779297,-50.7
1757098602.2645867,302.98,0.1755430793139317,1.857675205537283e-10,-132.46868943838467,1757098602.9337149,16.77,2.3802847862243652,-50.7
1757098603.9738467,302.979,0.17528067385755355,1.8588583830346494e-10,-514.9422517730341,1757098604.2662234,52.050000000000004,1.7092599868774414,-50.7
1757098605.3023505,302.981,0.17467352325811372,1.8588771647846005e-10,-997.1750429149563,1757098605.5700037,57.2,1.3285038471221924,-518.5
1757098606.6063075,303.011,0.1487085974174166,1.5624867982773379e-10,-5174.111514466742,1757098606.8710601,179.20000000000002,1.3039569854736328,-518.5
1757098607.9091809,303.046,0.12399649684424088,1.2752699270177602e-10,-5081.7893654445925,1757098608.174155,195.28,1.3028733730316162,-518.5
1757098609.2131362,303.06600000000003,0.11624220925962515,1.1941635878445473e-10,-2774.455994031794,1757098609.4888487,153.02,1.303955316543579,-518.5
1757098610.5263436,303.063,0.11620044827834922,1.1965481564967136e-10,-1353.0606209515333,1757098610.80784,-15.63,1.3132073879241943,-1268.5
1757098611.8444421,303.033,0.11585547189370242,1.1987193274619208e-10,-2288.3356309978453,1757098612.095757,35.44,1.318098545074463,-1268.5
1757098613.1324313,303.002,0.11552574989302959,1.2009162705658514e-10,-2332.996888467641,1757098613.3700926,34.54,1.2879891395568848,-1268.5
1757098614.4094067,302.971,0.11552413411781451,1.203117101693552e-10,-2341.3418768615566,1757098614.66672,34.53,1.276975393295288,-1268.5
1757098615.7034297,302.926,0.11527653100330003,1.2053784366153494e-10,-1989.8883306537564,1757098615.9860072,31.86,1.294023036956787,-518.5
1757098618.0492756,302.898,0.11527590243903471,1.2077938442780003e-10,-964.7687447766818,1757098618.3696923,-5.93,2.345845937728882,-518.5
1757098619.4065068,302.884,0.11527398695853938,1.2102138288675728e-10,-902.4523425258975,1757098619.7197266,-7.42,1.3572311401367188,-518.5
1757098620.7557473,302.875,0.11525663612032494,1.2125576720185517e-10,-148.09534948052337,1757098620.9762552,27.28,1.3492405414581299,169.8
1757098622.012417,302.892,0.11467831019796129,1.199001530286685e-10,-463.12264678459644,1757098622.303435,102.35000000000001,1.2566697597503662,169.8
1757098623.3394072,302.904,0.11460868633000577,1.1965322885845696e-10,-102.37626673721297,1757098623.6295445,76.3,1.3269901275634766,169.8
1757098625.6890368,302.923,0.11466428942710219,1.1988078781151192e-10,490.9938886954962,1757098625.966421,30.37,2.3496296405792236,239.4
1757098627.0030897,302.943,0.11396755133953208,1.1809060892437016e-10,-490.1131774827812,1757098627.3601577,109.38,1.3140528202056885,239.4
1757098628.3961065,302.955,0.11475574178351466,1.1818953100915043e-10,258.12870055802773,1757098628.6359715,56.02,1.3930168151855469,239.4
1757098629.6713438,302.966,0.11478033566952561,1.1842418439212308e-10,433.62261123592396,1757098629.9860134,-19.900000000000002,1.2752373218536377,100.0
1757098631.022711,302.969,0.11478805532384105,1.186595047373863e-10,180.00394454014878,1757098631.2910168,-19.42,1.3513672351837158,100.0
1757098632.3269923,302.97,0.11479095586363972,1.1889726341267418e-10,159.48042539929054,1757098632.614547,-7.1000000000000005,1.304281234741211,100.0
1757098634.6730824,302.977,0.11479811007370969,1.1913063449117868e-10,115.86069132500307,1757098634.9670937,24.240000000000002,2.346090078353882,29.5
1757098636.0030043,302.984,0.11460712872773021,1.189943904022182e-10,-315.46055532461514,1757098636.3281426,71.68,1.3299219608306885,29.5
1757098637.3638737,302.996,0.11405435326824982,1.179762103959015e-10,-668.6940261649447,1757098637.698766,97.22,1.3608694076538086,29.5
1757098638.7342105,302.999,0.11405486627179515,1.1821061930873968e-10,108.37177608546429,1757098639.043773,-19.490000000000002,1.3703367710113525,29.5
1757098640.080418,302.999,0.11405048150678691,1.1844742471809348e-10,50.862974289565315,1757098640.3217776,-8.94,1.346207618713379,25.200000000000003
1757098641.357701,302.999,0.11405037617204303,1.1868474427340312e-10,53.18106334956532,1757098641.6590848,-7.72,1.277282953262329,25.200000000000003
1757098642.695183,303.01800000000003,0.11313105134505726,1.170844408138006e-10,-683.0987937815468,1757098643.0186503,-107.19,1.33748197555542,25.200000000000003
1757098644.0551224,303.038,0.11243588775286231,1.1576893975569703e-10,-561.219367630807,1757098644.3463333,-103.36,1.3599393367767334,25.200000000000003
1757098645.3832963,303.04200000000003,0.11312370295560437,1.1599384371190549e-10,-74.74536657804491,1757098645.716872,-26.95,1.3281738758087158,-147.8
1757098646.7552817,303.036,0.11306645534810077,1.1620952791070312e-10,-413.52493105171425,1757098647.1322598,33.38,1.3719854354858398,-147.8
1757098648.1685193,303.035,0.11294630942553903,1.1635739265723371e-10,-424.3600206933855,1757098648.4901974,50.050000000000004,1.4132375717163086,-147.8
1757098649.5314202,303.027,0.11292459654813751,1.165862853159591e-10,-387.9257212504836,1757098649.8385687,23.7,1.362900972366333,-125.0
1757098650.878449,303.029,0.11260291558323306,1.1650961865121318e-10,-569.9765961872836,1757098651.1487153,69.10000000000001,1.3470287322998047,-125.0
1757098655.2552197,303.015,0.11257596728665091,1.1673608502086026e-10,-286.84828318408626,1757098655.5198624,26.79,4.376770734786987,-113.2
1757098656.5559647,303.012,0.11250007389942523,1.169246861304943e-10,-375.43704822023557,1757098656.8761094,42.67,1.3007450103759766,-113.2
1757098657.909808,303.013,0.11230741302500506,1.1697995879833264e-10,-455.48859147825465,1757098658.2298386,60.120000000000005,1.3538432121276855,-113.2
1757098659.2678285,303.011,0.11230575529111493,1.1721370309200363e-10,-162.2438818601257,1757098659.5801198,-14.94,1.358020544052124,-113.2
1757098660.6154275,303.007,0.112291618039396,1.1743928123486708e-10,-190.42460374377816,1757098660.9153469,28.67,1.3475990295410156,-14.4
1757098661.9533355,303.006,0.11228985635933231,1.1767456188177374e-10,-17.34087084250375,1757098662.1898508,8.39,1.3379080295562744,-14.4
1757098663.224262,303.007,0.11225911267909709,1.178665577631724e-10,-147.57084949316243,1757098663.5341392,42.14,1.2709264755249023,-14.4
1757098664.5694447,303.029,0.11202470725549712,1.177848804344477e-10,-417.88832661230765,1757098664.828731,69.14,1.3451826572418213,-569.2
1757098666.8877316,303.0,0.11201596547716308,1.1802090715852767e-10,-1037.5509796632832,1757098667.2277973,-5.74,2.318286895751953,-569.2
1757098669.2881067,302.971,0.11187608972024515,1.182413950433011e-10,-1136.8304101649424,1757098669.5627537,32.72,2.4003751277923584,-569.2
1757098670.5994306,302.954,0.11186084326836351,1.1847745910600614e-10,-641.1869690051235,1757098670.9481158,-15.88,1.311323881149292,-129.9
1757098671.9865303,302.95,0.11185886206020863,1.187148609895927e-10,-215.45795225200058,1757098672.2637794,-6.67,1.3870997428894043,-129.9
1757098673.3008072,302.947,0.11182964511637632,1.1894151873158052e-10,-286.23022095742067,1757098673.5528617,29.86,1.314276933670044,-129.9
1757098674.5897396,302.95799999999997,0.110531994444773,1.1824824323452502e-10,-1350.0744379537978,1757098674.877067,90.17,1.2889323234558105,-816.2
1757098675.912808,302.939,0.11050145193897619,1.1848478226330844e-10,-1374.4788815529985,1757098676.181982,13.24,1.323068380355835,-816.2
1757098677.2183604,302.918,0.11046737517384558,1.1872171701130382e-10,-1445.0720622496135,1757098677.5577176,13.790000000000001,1.3055524826049805,-816.2
1757098678.5942051,302.881,0.11013326113840997,1.18931598208331e-10,-2011.2697647522687,1757098678.874253,37.52,1.3758447170257568,-816.2
1757098679.9111788,302.861,0.11011865705070685,1.1916963766953444e-10,-654.4338521214663,1757098680.244729,12.06,1.3169736862182617,-66.2
1757098683.3298132,302.85699999999997,0.10995534116171701,1.1926250905074547e-10,-431.2759286087926,1757098683.65289,56.58,3.4186344146728516,-66.2
1757098684.6866946,302.856,0.10996188810584502,1.1947492700914108e-10,11.581259171953377,1757098684.9481206,36.94,1.3568813800811768,156.9
1757098687.0078762,302.874,0.10922781311024962,1.1826484598796853e-10,-611.8664794976302,1757098687.292151,100.59,2.321181535720825,156.9
1757098688.3275707,302.887,0.10908877393257445,1.178305179567653e-10,-172.85420533682066,1757098688.705657,83.27,1.3196945190429688,156.9
1757098691.7880409,302.913,0.10912176192359561,1.1806332008613084e-10,550.318762179918,1757098692.1227765,22.11,3.460470199584961,269.3
1757098693.1567945,302.92,0.10917684843642668,1.182754914219268e-10,363.7599928702747,1757098693.4591467,36.35,1.3687536716461182,269.3
1757098694.4936697,302.938,0.10907093108338588,1.1822695519507286e-10,-204.35026825685304,1757098694.8854442,67.19,1.3368752002716064,-283.6
1757098695.9195137,302.931,0.10905627228782953,1.1846303681595843e-10,-471.92970048319694,1757098696.1872478,15.67,1.4258439540863037,-283.6
1757098697.2213547,302.925,0.1089575646328429,1.1867050547959491e-10,-592.154846389788,1757098697.4840362,38.18,1.3018410205841064,-283.6
1757098698.519509,302.914,0.10894017138912945,1.1890728929589174e-10,-616.9929261634735,1757098698.7931323,16.44,1.298154354095459,-283.6
1757098699.8289654,302.908,0.10888099421164889,1.1911361522861307e-10,-330.0760232118745,1757098700.138343,38.74,1.3094563484191895,-18.0
1757098701.172016,302.909,0.10885831464315854,1.1931937405304954e-10,-119.4885779575491,1757098701.4313066,39.0,1.343050479888916,-18.0
1757098702.4678657,302.908,0.1088250961398057,1.1952313665341994e-10,-185.6590222045416,1757098702.7464304,39.660000000000004,1.2958498001098633,-18.0
1757098703.7832654,302.908,0.10882958650776858,1.1976162694259826e-10,-12.85262274734777,1757098704.0619395,16.39,1.3153996467590332,-18.0
1757098705.09981,302.907,0.10883547924538632,1.2000042181016926e-10,157.62273774717332,1757098705.4150457,17.02,1.316544532775879,185.10000000000002
1757098706.4553888,302.915,0.10885475560452376,1.2023969040091666e-10,423.6332563100248,1757098706.8272867,17.02,1.355578899383545,185.10000000000002
1757098707.8625474,302.919,0.10885163150141237,1.2048062704537196e-10,328.5490220265209,1757098708.218443,6.42,1.407158613204956,185.10000000000002
1757098709.2557921,302.923,0.10885164049818682,1.207220464298717e-10,329.70012345781987,1757098709.510453,6.42,1.393244743347168,185.10000000000002
1757098710.5463586,302.929,0.10885096899009149,1.2096396049560806e-10,260.0622838778256,1757098710.8360307,5.55,1.2905664443969727,43.300000000000004
1757098711.872633,302.93,0.10885315566424007,1.2120150743967687e-10,45.23996613108052,1757098712.1585014,23.990000000000002,1.3262743949890137,43.300000000000004
1757098713.1953416,302.931,0.10885318585078177,1.2143966421982775e-10,46.31385788784569,1757098713.4764986,23.8,1.3227086067199707,43.300000000000004
1757098714.5161076,302.932,0.10885101382643994,1.2168301159745772e-10,234.55308200702373,1757098714.7758012,5.96,1.3207659721374512,173.70000000000002
1757098715.8135982,302.938,0.10889237450977152,1.2189097830363028e-10,223.71746227506424,1757098716.1519685,39.42,1.2974905967712402,173.70000000000002
1757098717.1931615,302.942,0.10889129383034638,1.2213523249501025e-10,320.40602960324014,1757098717.4981718,5.75,1.379563331604004,173.70000000000002
1757098718.5396347,302.956,0.10899830905151645,1.2223579646449269e-10,285.3935347708792,1757098718.8355188,55.72,1.346473217010498,173.70000000000002
1757098719.873376,302.98,0.10596998545738621,1.186952311533829e-10,-1581.9721956707485,1757098720.1856847,127.03,1.3337411880493164,-576.3000000000001
1757098721.2227938,302.988,0.10155551541828838,1.1467207542450764e-10,-2177.938680993024,1757098721.51834,132.95,1.3494179248809814,-576.3000000000001
1757098722.55535,303.007,0.09655690455045964,1.0916798662940029e-10,-2143.5317891281047,1757098722.8450334,146.22,1.3325562477111816,-576.3000000000001
1757098723.8819535,303.011,0.09436482459215988,1.0754232025281799e-10,-1630.1578265745961,1757098724.2288656,111.9,1.3266034126281738,-576.3000000000001
1757098725.269053,303.009,0.09245239105548157,1.0673998578881667e-10,-1899.8017824475778,1757098725.5872242,96.99000000000001,1.3870995044708252,-989.4000000000001
1757098726.625032,302.975,0.09226995548358889,1.0694604619944211e-10,-2032.5141892762379,1757098726.9956284,28.78,1.3559789657592773,-989.4000000000001
1757098728.0328515,302.951,0.0921132736392,1.0715200780997225e-10,-1714.2676205112386,1757098728.3163772,29.21,1.4078195095062256,-989.4000000000001
1757098729.3566818,302.926,0.09210624238619539,1.0735834994271075e-10,-1787.732598963705,1757098729.7171457,29.21,1.3238303661346436,-989.4000000000001
1757098730.7578402,302.896,0.09208218005514415,1.075728358689983e-10,-1082.0184541541719,1757098730.9877746,15.46,1.401158332824707,-239.4
1757098732.026464,302.89300000000003,0.09184586317451747,1.0764637928920815e-10,-621.6712752962285,1757098732.301325,59.15,1.2686238288879395,-239.4
1757098733.341417,302.887,0.09206966232290627,1.0786146429738703e-10,-408.8897927277265,1757098733.6823254,15.31,1.314953088760376,-239.4
1757098735.7435582,302.879,0.09207078721858744,1.0807758015504932e-10,125.44396854538799,1757098736.0673206,-7.62,2.4021410942077637,229.5
1757098737.1037226,302.884,0.09207844526148155,1.0829370495468325e-10,392.25786779966614,1757098737.3632514,14.1,1.3601644039154053,229.5
1757098739.4252791,302.894,0.09209184513370257,1.0850989727037508e-10,411.366049727835,1757098739.6580849,-16.29,2.321556568145752,229.5
1757098740.6942606,302.905,0.09209642284964867,1.0872725528037332e-10,653.1731097687834,1757098741.0452063,-9.51,1.2689814567565918,281.0
1757098742.0809216,302.912,0.09212859674823386,1.0894136300622349e-10,464.9764684446634,1757098742.384523,-23.76,1.3866610527038574,281.0
1757098743.4235537,302.919,0.09212782942267911,1.0915623638256688e-10,474.08274261724495,1757098743.6908948,-23.19,1.3426320552825928,281.0
1757098745.7487159,302.94100000000003,0.09225295896515223,1.0925113484849454e-10,349.58724575207043,1757098746.0499995,56.74,2.325162172317505,233.9
1757098747.0848,302.953,0.09232415493620134,1.0911593609376078e-10,124.81214935725166,1757098747.3588617,73.79,1.3360841274261475,233.9
1757098748.3935916,302.961,0.09231774314374082,1.0929681507287865e-10,348.5384040435039,1757098748.7792902,42.17,1.3087916374206543,233.9
1757098749.8146808,302.979,0.09238485970067128,1.094738579677574e-10,316.5858402567986,1757098750.1344945,43.26,1.4210891723632812,-51.1
1757098751.1682956,302.98199999999997,0.0922683852426603,1.0952569422543611e-10,-272.8858629664398,1757098751.407425,61.11,1.3536148071289062,-51.1
1757098752.44298,302.981,0.09226956529295828,1.097451208319077e-10,-54.43940776363923,1757098752.7401161,8.53,1.2746844291687012,-51.1
1757098753.775342,302.981,0.09222307977462584,1.0991356638311774e-10,-206.83465972300004,1757098754.0604038,45.43,1.3323619365692139,-51.1
1757098755.096834,302.98,0.09221973524805302,1.1013220964370015e-10,-6.56893356648855,1757098755.4099355,19.13,1.3214919567108154,22.700000000000003
1757098756.4457924,302.98199999999997,0.09220345363923431,1.1030147663051289e-10,-72.97231616199514,1757098756.6975071,45.34,1.3489584922790527,22.700000000000003
1757098757.734761,302.983,0.09220221020697389,1.1052088578037774e-10,54.646033987954596,1757098758.007464,19.13,1.288968563079834,22.700000000000003
1757098759.0438802,302.985,0.0921829690190327,1.1068909076087832e-10,-73.80113301571731,1757098759.3061538,45.660000000000004,1.3091192245483398,22.700000000000003
1757098760.3435214,302.986,0.09218245033761202,1.1090916298670008e-10,58.58144061178645,1757098760.6036494,19.42,1.2996411323547363,27.900000000000002
1757098763.688677,302.985,0.09218039617862427,1.111313411470355e-10,43.04985563510888,1757098763.9221504,-9.1,3.345155715942383,27.900000000000002
1757098764.959187,302.985,0.09218055123494232,1.1135401186161723e-10,90.15596264634789,1757098765.2449172,7.41,1.270509958267212,60.5
1757098766.279274,302.986,0.09218061122414993,1.1157714080605447e-10,121.30724253580658,1757098766.5585916,6.72,1.32008695602417,60.5
1757098767.5969324,302.988,0.09218066901477276,1.1180072297275583e-10,152.21449600850707,1757098767.8762379,6.2700000000000005,1.3176584243774414,60.5
1757098768.912215,302.989,0.09218474417801623,1.1202005609838243e-10,69.08184217897573,1757098769.1663365,24.76,1.3152825832366943,60.5
1757098770.2034867,302.99,0.09218049957111546,1.1224452842087912e-10,121.99955966912131,1757098770.5064428,6.04,1.291271686553955,59.7
1757098771.5472312,302.994,0.09218578752916981,1.1246852066591212e-10,188.10104129037924,1757098771.8847234,16.54,1.3437445163726807,59.7
1757098772.9217095,302.998,0.09216038507525101,1.1256545970111776e-10,-82.67863248076594,1757098773.1893728,56.410000000000004,1.3744783401489258,59.7
1757098774.2261348,303.0,0.0921641679591919,1.1279000403636791e-10,129.38366133002935,1757098774.478941,16.9,1.3044252395629883,59.7
1757098775.5160697,302.999,0.09206899082310617,1.1297422329642715e-10,-445.1545853135403,1757098775.7792006,42.54,1.2899348735809326,-282.2
1757098776.816388,302.994,0.09194881794349163,1.1315588753904208e-10,-573.0475920236407,1757098777.143841,43.230000000000004,1.3003182411193848,-282.2
1757098778.1782959,302.987,0.09193092916661953,1.1338110424665309e-10,-484.6221719007137,1757098778.5056193,18.63,1.361907958984375,-282.2
1757098779.5422754,302.976,0.09192824824471403,1.136082836290144e-10,-286.98254901338805,1757098779.8487287,7.33,1.3639795780181885,5.300000000000001
1757098780.8853936,302.975,0.09193002316878822,1.1383586067084096e-10,2.378705948846558,1757098781.1745546,-9.25,1.3431181907653809,5.300000000000001
1757098782.2093368,302.975,0.09193030618557613,1.1406389903529025e-10,32.34444929047836,1757098782.5093188,-9.11,1.3239431381225586,5.300000000000001
1757098783.5454774,302.974,0.09193002834135633,1.1429246591679343e-10,6.664128414948486,1757098783.8063142,6.1000000000000005,1.3361406326293945,5.300000000000001
1757098784.8416085,302.974,0.09193197211596431,1.1452084851670744e-10,76.74043644539125,1757098785.113492,14.98,1.2961311340332031,62.7
1757098786.1508994,302.975,0.09193119018134802,1.147502507144068e-10,119.92054669595834,1757098786.47692,9.3,1.309290885925293,62.7
1757098787.5124207,302.976,0.09193162923053862,1.1498001188385285e-10,115.4198942343431,1757098787.9087427,11.08,1.3615212440490723,62.7
1757098788.9450912,302.978,0.09193723075314657,1.1520338957233879e-10,86.16135274419425,1757098789.184574,26.990000000000002,1.4326705932617188,62.7
1757098790.2206666,302.98,0.09194404630116988,1.1542741523613156e-10,48.916175173501884,1757098790.5009453,26.77,1.2755753993988037,17.5
1757098791.5397785,302.98199999999997,0.09193871963019974,1.1563551088695764e-10,-8.402933923067067,1757098791.7837365,36.300000000000004,1.3191118240356445,17.5
1757098792.8213375,302.984,0.09193438956497861,1.1583377139943796e-10,-30.66942365003115,1757098793.0793073,39.74,1.2815589904785156,17.5
1757098794.1172292,302.984,0.09192846970262153,1.1605817686047444e-10,-17.41017879373922,1757098794.3799632,27.52,1.2958917617797852,17.5
1757098795.4167137,302.986,0.09191343048161209,1.1626433346402297e-10,-101.94183547732302,1757098795.6835253,37.39,1.2994844913482666,-69.60000000000001
1757098796.7196589,302.983,0.09189117326695956,1.164885371563041e-10,-200.80434292500192,1757098796.991225,28.37,1.3029451370239258,-69.60000000000001
1757098798.0298326,302.981,0.09188824754986298,1.1672172054301835e-10,-108.56237745305019,1757098798.3848605,11.76,1.310173749923706,-69.60000000000001
1757098799.4202502,302.979,0.09188831050866936,1.169553728462266e-10,-104.98802490325846,1757098799.6760807,11.73,1.3904175758361816,-69.60000000000001
1757098801.7367957,302.978,0.09189094769824784,1.171895461127842e-10,65.99119057420592,1757098801.9758227,11.07,2.3165454864501953,59.800000000000004
1757098803.012728,302.979,0.0918946043943209,1.1741350749963338e-10,44.129651277803745,1757098803.2804036,29.810000000000002,1.2759323120117188,59.800000000000004
1757098804.3179383,302.981,0.09189716873482087,1.1763264983998292e-10,56.40469137630667,1757098804.5851777,32.87,1.3052103519439697,59.800000000000004
1757098805.6244764,302.98199999999997,0.09189729483042834,1.1786732914015144e-10,-83.18821129891779,1757098805.8807733,16.61,1.3065381050109863,-123.10000000000001
1757098806.9166746,302.979,0.09184977887302306,1.180769454475478e-10,-308.013629104035,1757098807.2130594,37.160000000000004,1.2921981811523438,-123.10000000000001
1757098808.2496145,302.977,0.09180434447735875,1.1828630815687372e-10,-276.5318164567001,1757098808.5236583,37.36,1.332939863204956,-123.10000000000001
1757098809.5596776,302.973,0.0917305618277876,1.184830887579181e-10,-346.10050591866525,1757098809.8266428,41.15,1.310063123703003,-103.4
1757098810.864169,302.971,0.09169467474000381,1.186993103456615e-10,-242.52521410681192,1757098811.2017488,35.03,1.3044912815093994,-103.4
1757098812.2382836,302.969,0.0916856500893593,1.1893633614137159e-10,-149.3265721542384,1757098812.5503988,15.65,1.374114751815796,-103.4
1757098813.5871067,302.963,0.09168409445684303,1.191741837293086e-10,-263.63480921214614,1757098813.9233127,13.71,1.348823070526123,-103.4
1757098814.9583423,302.961,0.09167528878096147,1.1940687609450483e-10,-60.15681061979757,1757098815.2779188,25.61,1.3712356090545654,23.6
1757098816.3162055,302.961,0.09168103646607724,1.1964535698774868e-10,36.385419846260916,1757098816.5742724,15.43,1.357863187789917,23.6
1757098817.6116543,302.961,0.09168088975656921,1.1988467888011038e-10,42.020145990260914,1757098817.9191058,13.290000000000001,1.2954487800598145,23.6
1757098818.9528315,302.961,0.09168087822484568,1.2012449986958813e-10,42.40769568626092,1757098819.2216728,13.13,1.341177225112915,23.6
1757098820.258755,302.961,0.09168253605466276,1.2035957130387266e-10,33.71304347826092,1757098820.508759,25.0,1.3059234619140625,56.400000000000006
1757098821.5451596,302.96500000000003,0.09169522341644168,1.205801950539056e-10,106.1328330071964,1757098821.7692416,34.49,1.2864046096801758,56.400000000000006
1757098822.8061314,302.966,0.09170337333312652,1.2082060510404317e-10,96.04382727245093,1757098823.0779526,17.05,1.2609717845916748,56.400000000000006
1757098824.1158092,302.967,0.09170335563938327,1.210614744875974e-10,94.68241018705658,1757098824.6112916,17.11,1.3096778392791748,56.400000000000006
1757098825.6504745,302.97,0.09170491566942796,1.2130325932424987e-10,171.3158432892252,1757098825.9421055,15.38,1.5346653461456299,80.30000000000001
1757098826.979574,302.971,0.09170671750173755,1.2154028023515975e-10,86.21049751502903,1757098827.3020513,25.32,1.329099416732788,80.30000000000001
1757098828.338472,302.973,0.0917089600620019,1.2177779081263986e-10,115.13007418158574,1757098828.682054,25.28,1.3588979244232178,80.30000000000001
1757098829.718803,302.978,0.09172202736026852,1.2201588724761697e-10,155.9636502531656,1757098830.0738773,25.14,1.380331039428711,34.6
1757098831.1116064,302.978,0.09172093682251466,1.2226013741708098e-10,56.94511332173917,1757098831.4102004,11.6,1.392803430557251,34.6
1757098832.4473743,302.978,0.09172031251754804,1.2250512510457687e-10,65.72703733373918,1757098832.7635887,6.23,1.3357679843902588,34.6
1757098833.798555,302.978,0.09172028424171128,1.2275060785036944e-10,66.07250071373917,1757098834.0875456,5.92,1.3511805534362793,34.6
1757098835.1257546,302.978,0.09172141227131295,1.2299637632212847e-10,94.20797616973917,1757098835.4876955,11.040000000000001,1.3271996974945068,70.7
1757098837.549759,302.981,0.09172074865033022,1.2324283750588542e-10,151.12587065327205,1757098837.839024,-6.34,2.424004316329956,70.7
1757098838.876312,302.98199999999997,0.09172041125838261,1.2348980760908217e-10,133.21208950539045,1757098839.2234674,-5.0,1.3265531063079834,70.7
1757098841.285193,302.984,0.09172146608315812,1.237371720095348e-10,139.68158623502765,1757098841.8072116,9.21,2.4088809490203857,79.60000000000001
1757098842.8434114,302.986,0.09172159155425601,1.239850409874394e-10,158.12574198379212,1757098843.1184301,-9.01,1.5582184791564941,79.60000000000001
1757098844.154795,302.988,0.09172683374242656,1.2423108763578452e-10,138.90637100597016,1757098844.4506822,-19.900000000000002,1.3113834857940674,79.60000000000001
1757098845.4922252,302.991,0.09168483782369148,1.244209348288169e-10,-185.79621530211452,1757098845.747344,-44.2,1.3374302387237549,-130.9
1757098846.784469,302.991,0.09155415200042268,1.2454533723843255e-10,-356.2185401071305,1757098847.0655744,-53.26,1.2922437191009521,-130.9
1757098848.1018062,302.99,0.09148366069515322,1.2474356190794858e-10,-292.7695363331256,1757098848.399109,-42.62,1.3173372745513916,-130.9
1757098849.4352725,302.987,0.09153834278922786,1.2499084326343648e-10,-224.1073581463259,1757098849.7391348,-20.400000000000002,1.3334662914276123,-130.9
1757098850.7775729,302.984,0.09152402429706323,1.2522391470360286e-10,-121.08090795819238,1757098850.997518,32.46,1.3423004150390625,29.900000000000002
1757098852.0347166,302.988,0.09145722664359586,1.252699312001277e-10,-138.77911174526452,1757098852.3333435,60.09,1.2571437358856201,29.900000000000002
1757098853.37092,302.994,0.0913678534730835,1.2509405722080244e-10,-233.25484571915362,1757098853.679866,72.21000000000001,1.3362033367156982,29.900000000000002
1757098854.716481,303.0,0.09137809916669577,1.2534279242942886e-10,183.21026207020648,1757098855.0036013,18.78,1.3455610275268555,2.6
1757098856.0395086,303.005,0.09121981842548815,1.2521466506169834e-10,-260.47687673190285,1757098856.3014162,70.08,1.3230276107788086,2.6
1757098857.337698,303.017,0.09046905709748033,1.2369365168923779e-10,-568.1597625177295,1757098857.6483388,103.37,1.298189401626587,2.6
1757098858.6843486,303.036,0.09054891059310533,1.235094302589492e-10,120.25393288806401,1757098858.9631186,72.89,1.3466506004333496,2.6
1757098859.9987047,303.037,0.09052597686757076,1.2373891520444927e-10,-178.92710754668684,1757098860.3005552,32.94,1.3143560886383057,-146.0
1757098862.36045,303.029,0.09052723198497471,1.2398677048483588e-10,-254.2810016304041,1757098862.6980865,-9.370000000000001,2.3617453575134277,-146.0
1757098863.73461,303.021,0.0904913877084217,1.242264528963332e-10,-411.90225872433444,1757098863.9980643,27.47,1.3741600513458252,-146.0
1757098865.0339417,303.01800000000003,0.09046761643812189,1.2446646544847945e-10,-236.7654963984497,1757098865.3228016,27.560000000000002,1.2993316650390625,-110.7
1757098867.3847172,303.011,0.0904632898596999,1.2471494255990062e-10,-217.17191138926023,1757098867.7035944,15.74,2.3507754802703857,-110.7
1757098868.7399669,303.005,0.09045620743818562,1.2496466452998238e-10,-263.10971104160456,1757098869.0823004,10.74,1.3552496433258057,-110.7
1757098870.1177828,303.001,0.09045858864796551,1.2521490268650994e-10,-101.84690917592037,1757098870.4251914,10.52,1.3778159618377686,-10.700000000000001
1757098871.4604743,303.0,0.09045308030134108,1.254569752793573e-10,-73.52047511108307,1757098871.7701144,27.39,1.342691421508789,-10.700000000000001
1757098872.8053985,302.999,0.0904497778862799,1.2570819331139779e-10,-15.755053456854018,1757098873.0451112,10.59,1.3449242115020752,-10.700000000000001
1757098874.080392,302.998,0.09044974769319043,1.2595990711913435e-10,-17.561197810059674,1757098874.3611906,10.68,1.2749934196472168,-10.700000000000001
1757098875.3982441,302.998,0.09044253367359777,1.2620276320080886e-10,-76.33077047652179,1757098875.6524153,27.84,1.317852258682251,-41.0
1757098876.6877117,302.995,0.09043833908858243,1.2645544632843303e-10,-109.94325937278884,1757098876.9651322,10.93,1.2894675731658936,-41.0
1757098879.0261784,302.992,0.09042724798830498,1.266989964392446e-10,-128.37766278105863,1757098879.3063269,28.0,2.3384666442871094,-41.0
1757098880.3427043,302.991,0.09042988236110819,1.2694295406395046e-10,-101.44353600920562,1757098880.602135,28.03,1.316525936126709,-34.800000000000004
1757098881.6375818,302.988,0.0904262484641944,1.2719629638243343e-10,-115.64445068440693,1757098881.9151783,15.97,1.294877529144287,-34.800000000000004
1757098882.9517884,302.987,0.09042834592516495,1.2745021436942092e-10,-52.71918611225195,1757098883.3447037,15.69,1.314206600189209,-34.800000000000004
1757098886.4264443,302.984,0.09042873151638503,1.2769652758481752e-10,-13.299230421652709,1757098886.767709,27.330000000000002,3.474655866622925,54.0
1757098888.8245533,302.987,0.09043118356549432,1.2795235248066795e-10,132.35229161639947,1757098889.0946913,-8.36,2.398108959197998,54.0
1757098890.1307626,302.988,0.09043099105210888,1.2820869856131313e-10,117.23760553464388,1757098890.420507,-8.120000000000001,1.3062093257904053,57.900000000000006
1757098892.480696,302.99,0.09043548027020185,1.2846037035236982e-10,75.56834818992594,1757098892.7803776,23.76,2.349933385848999,57.900000000000006
1757098893.8152325,302.992,0.0904473456127028,1.2871259657909324e-10,101.77557829046539,1757098894.115411,23.68,1.3345365524291992,57.900000000000006
1757098896.1770153,302.994,0.09045545075064501,1.2896506516835086e-10,73.68400060009282,1757098896.488998,23.95,2.3617827892303467,57.0
1757098897.5237076,302.995,0.09046124419022135,1.2922339256442047e-10,113.75486789104946,1757098897.8201497,9.200000000000001,1.3466923236846924,57.0
1757098898.857378,302.996,0.090461249903369,1.2948223717093258e-10,114.0487657125839,1757098899.1915662,9.200000000000001,1.3336703777313232,57.0
1757098900.2293932,302.996,0.09046058621194672,1.2974165097251223e-10,70.24679400730426,1757098900.5571177,-8.02,1.3720152378082275,41.300000000000004
1757098901.5936954,303.002,0.09048253149798004,1.299621655800595e-10,113.40171224671445,1757098902.324021,-39.1,1.364302158355713,41.300000000000004
1757098903.3595078,303.003,0.09046238138705279,1.3022166195731746e-10,77.30971698924469,1757098903.6209347,-15.38,1.7658123970031738,41.300000000000004
1757098904.6568568,303.004,0.09046073043843676,1.3047904987232918e-10,12.212638393411538,1757098904.979324,21.41,1.297348976135254,-11.9
1757098906.0154424,303.006,0.09039046823469885,1.3059502632470197e-10,-182.38397770515317,1757098906.2742229,54.03,1.3585855960845947,-11.9
1757098907.3115351,303.007,0.09036932683822224,1.3081000082283774e-10,-95.64116442095863,1757098907.6030288,40.65,1.2960927486419678,-11.9
1757098908.6407094,303.011,0.09031400327100357,1.309065149133473e-10,-137.6789258760308,1757098908.956009,55.74,1.329174280166626,-11.9
1757098909.993596,303.013,0.09027278850456075,1.311283218397217e-10,-184.8637493768147,1757098910.314131,39.18,1.35288667678833,-140.1
1757098911.3484352,303.012,0.0901792818069377,1.3126930501873113e-10,-374.72745256903823,1757098911.5858116,51.550000000000004,1.3548390865325928,-140.1
1757098912.6223621,303.011,0.09014203764370757,1.3150806266005505e-10,-243.51557058164724,1757098912.8776572,34.43,1.2739269733428955,-140.1
1757098913.9152856,303.008,0.09008731527622112,1.317432809639051e-10,-313.07409661256787,1757098914.1716218,35.74,1.2929234504699707,-140.1
1757098916.2308905,303.004,0.0900814864781678,1.320006721554593e-10,-104.61155851291986,1757098917.9259038,24.830000000000002,2.3156049251556396,-14.9
1757098919.9884753,302.999,0.09007994268544466,1.3226512537762857e-10,-6.5238559361024375,1757098920.328376,-8.15,3.757584810256958,17.8
1757098922.3864949,302.999,0.09008088180894329,1.325295813329729e-10,35.86802451756531,1757098922.662289,-13.620000000000001,2.398019552230835,17.8
1757098923.699014,302.998,0.0900801316507741,1.3279511064598047e-10,16.851967155571725,1757098924.013193,-7.67,1.3125190734863281,17.8
1757098927.0923498,302.998,0.09008098916170616,1.3306094135487558e-10,57.91044253147822,1757098927.3992727,-11.33,3.3933358192443848,34.7
1757098928.4337356,302.998,0.09008038722749974,1.3332756157464814e-10,65.47836059547822,1757098933.8409145,-6.66,1.341385841369629,34.7
1757098934.8757536,302.999,0.09008071541749937,1.3359462266146541e-10,63.132257745266514,1757098935.1862528,-9.21,6.442018032073975,29.8
1757098936.2214296,303.0,0.09008318961381967,1.3385548147788035e-10,38.49472236631694,1757098936.4879212,-24.88,1.3456759452819824,29.8
1757098937.5240648,303.001,0.09008232818635067,1.3412274316989932e-10,74.15363583400615,1757098937.831054,-15.3,1.3026351928710938,29.8
1757098938.8690681,303.001,0.0900803128911971,1.3439150004748544e-10,61.15771000973903,1757098939.2081003,-6.17,1.345003366470337,29.8
1757098942.293323,303.001,0.09008157689877638,1.346591974078843e-10,39.126913321739025,1757098942.6153977,17.3,3.424254894256592,31.3
1757098943.64986,303.002,0.09008340277027553,1.3492457758773342e-10,50.85119101913639,1757098943.9395533,22.27,1.356536865234375,31.3
1757098947.0218744,303.002,0.09008023558853591,1.351949532093498e-10,62.270496619826126,1757098947.3021357,-5.29,3.3720145225524902,30.0
1757098950.3820257,303.002,0.09008035169685745,1.3546584909154914e-10,58.70774154782613,1757098951.4526374,6.65,3.3601512908935547,27.900000000000002
1757098960.662035,303.001,0.09007907655341157,1.3572501493657148e-10,-8.323837099993042,1757098961.096445,28.59,10.280009269714355,34.4
1757098962.1303513,303.002,0.09006674567148872,1.3594327279681202e-10,-57.18870251604102,1757098962.490852,41.29,1.4683163166046143,34.4
1757098963.5235271,303.005,0.09007862620147837,1.3619490444954067e-10,59.81686404771112,1757098963.8033538,32.54,1.3931758403778076,34.4
1757098964.8366797,303.006,0.09006806877828856,1.3644976138137536e-10,-88.74205962977113,1757098965.1399422,31.39,1.313152551651001,-65.2
1757098966.1734376,303.006,0.08999978083648708,1.3663064805959325e-10,-230.88283701582625,1757098966.5009987,47.18,1.3367578983306885,-65.2
1757098967.536139,303.007,0.08991962074463486,1.3678276261643058e-10,-230.51641998694475,1757098967.8102236,50.49,1.362701416015625,-65.2
1757098968.8483481,303.01,0.08971989318857303,1.3669618270666907e-10,-333.6298017238559,1757098969.111042,66.24,1.312209129333496,-65.2
1757098970.1469913,303.01,0.08963426656263111,1.368993294320926e-10,-322.3040360514783,1757098970.438355,44.08,1.2986431121826172,-182.8
1757098971.4737825,303.0,0.08962656262925366,1.3717361944052192e-10,-453.9187798623619,1757098971.7898784,7.43,1.3267912864685059,-182.8
1757098972.8291564,302.995,0.08961288032175212,1.3744581282643306e-10,-329.24930953660584,1757098973.120116,19.45,1.3553738594055176,-182.8
1757098974.158003,302.991,0.08957040570856319,1.3770795219899514e-10,-343.30213295897704,1757098974.44723,28.94,1.3288466930389404,-182.8
1757098975.4830008,302.987,0.08940716841270825,1.3785248947795982e-10,-449.3631012232297,1757098975.7552366,51.27,1.3249976634979248,-128.1
1757098976.7920218,302.986,0.0892772725658565,1.3799393371747994e-10,-361.66496573894347,1757098977.1211555,51.57,1.30902099609375,-128.1
1757098978.1577442,302.986,0.08911476386327716,1.380779751937275e-10,-376.8710536695653,1757098978.444052,56.35,1.365722417831421,-128.1
1757098979.479433,302.987,0.08909986984434996,1.3812265148110812e-10,-374.2621870572626,1757098979.7495208,59.03,1.3216888904571533,-128.1
1757098980.7864923,302.985,0.08906392781856555,1.3835998254858177e-10,-181.59868425656146,1757098981.0676138,37.89,1.3070592880249023,-27.3
1757098982.1060338,302.984,0.0890595449406495,1.3863705466897357e-10,-31.986728835063097,1757098982.4086182,10.13,1.3195414543151855,-27.3
1757098984.470279,302.984,0.08897905709181533,1.3878445659376438e-10,-224.23201652173924,1757098984.7010434,51.0,2.3642451763153076,-27.3
1757098985.7375174,302.981,0.08897570750023022,1.390622719941672e-10,-243.89107899195474,1757098986.0771732,11.25,1.2672383785247803,-172.8
1757098987.1139617,302.981,0.08862461553544139,1.3892388361524887e-10,-551.118190162,1757098987.3661788,68.13,1.3764443397521973,-172.8
1757098988.4010842,302.98,0.08877809865776437,1.3900412691865443e-10,-453.878022856642,1757098988.6787274,56.57,1.2871224880218506,-172.8
1757098991.7634282,302.973,0.08877986642523376,1.3928256893604703e-10,-12.02609794939821,1757098992.0032852,-8.93,3.3623440265655518,43.5
1757098993.0394452,302.974,0.08878364377991703,1.3954557816129297e-10,28.706046505193285,1757098993.2889616,30.16,1.2760169506072998,43.5
1757098994.3252938,302.976,0.08878761390474801,1.3980960407647823e-10,60.9155341663584,1757098994.6217027,29.900000000000002,1.285848617553711,43.5
1757098995.6561959,302.978,0.08880136321027068,1.400727135409286e-10,86.97800371204288,1757098996.102155,30.54,1.330902099609375,75.10000000000001
1757098999.1856382,302.98199999999997,0.08880547071099547,1.4035159387160525e-10,128.007542810835,1757098999.428202,17.45,3.529442310333252,75.10000000000001
1757099001.4879742,302.985,0.088815478402118,1.406313578280298e-10,141.369447432763,1757099001.7959433,16.6,2.3023359775543213,79.10000000000001
1757099002.8303761,302.989,0.08883942892002777,1.408547075136803e-10,80.36138775066914,1757099003.098037,41.43,1.3424019813537598,79.10000000000001
1757099004.1310136,302.991,0.08884297814360195,1.4113665090614576e-10,163.80007802036957,1757099004.4090009,11.35,1.3006374835968018,79.10000000000001
1757099005.444938,302.993,0.08884054115852844,1.414048720489912e-10,4.476157891708695,1757099005.7403276,29.240000000000002,1.3139243125915527,-15.100000000000001
1757099006.7754974,302.997,0.08877126026395131,1.4147605369747898e-10,-149.33647274534698,1757099007.071587,57.04,1.330559492111206,-15.100000000000001
1757099008.1122031,302.999,0.08874223720366022,1.4167931683965909e-10,-98.02738409031994,1757099008.3972647,44.71,1.3367056846618652,-15.100000000000001
1757099009.434491,302.998,0.0887694548084446,1.4196274655719366e-10,-24.460908623180693,1757099009.6988056,12.530000000000001,1.3222877979278564,-15.100000000000001
1757099010.7358422,302.998,0.08871454759275008,1.4217185382620913e-10,-202.01642092852177,1757099011.0448296,43.94,1.3013513088226318,-65.4
1757099012.0801682,302.999,0.08864492963017086,1.4235274857960992e-10,-201.83013395363236,1757099012.3935146,47.59,1.3443260192871094,-65.4
1757099013.4314013,303.001,0.0885205950449196,1.4230715956829846e-10,-329.66296871565436,1757099013.6930683,63.54,1.3512330055236816,-65.4
1757099014.7289705,303.002,0.08836990215634201,1.4244879312604772e-10,-396.36003824372705,1757099015.0389905,51.56,1.2975692749023438,-226.60000000000002
1757099016.0769858,303.004,0.08770903237408842,1.4186561422328103e-10,-711.3510302278664,1757099016.4190176,80.93,1.348015308380127,-226.60000000000002
1757099017.4590147,303.001,0.08828309752372815,1.4210502346911392e-10,-410.2259390631115,1757099017.8233502,38.61,1.3820288181304932,-226.60000000000002
1757099018.86073,302.994,0.08765790151194607,1.4184941574811027e-10,-847.8757945042051,1757099019.2078729,71.92,1.4017152786254883,-226.60000000000002
1757099020.2456007,302.992,0.08738228954698453,1.419200034375546e-10,-601.2253950354889,1757099020.5246165,57.050000000000004,1.3848707675933838,-293.0
1757099021.5597742,302.98,0.08734943617005174,1.4220221297053964e-10,-651.7330294030021,1757099021.8129382,18.16,1.3141734600067139,-293.0
1757099022.8519967,302.972,0.08733101881288476,1.4248589302043427e-10,-527.5986885870002,1757099023.1503575,-15.89,1.292222499847412,-293.0
1757099024.1894643,302.964,0.08732518230652622,1.4277134418194646e-10,-503.07219296378673,1757099024.4810762,-8.19,1.3374676704406738,-293.0
1757099025.5185893,302.956,0.08732276169077106,1.4305617073842831e-10,-201.66019479085386,1757099025.8100555,-15.84,1.329124927520752,26.0
1757099027.8689072,302.956,0.08732063821606494,1.4334271305552225e-10,53.29662647582616,1757099028.1637146,-9.14,2.35031795501709,26.0
1757099029.2020302,302.956,0.0873204763478537,1.4362989896367907e-10,55.36017271582616,1757099029.461036,-7.74,1.333122968673706,26.0
1757099030.4977448,302.959,0.08734371217302458,1.4389655700539786e-10,162.9546330291355,1757099030.816712,31.8,1.2957146167755127,124.2
1757099031.8549552,302.964,0.08737738833720972,1.4409658235252742e-10,125.8286296036772,1757099032.140065,45.410000000000004,1.357210397720337,124.2
1757099033.1759274,302.967,0.08738562951560482,1.4438477932805654e-10,235.0270707643135,1757099033.4721706,12.88,1.320972204208374,124.2
1757099034.507687,302.97,0.08740401344009611,1.4465028755795393e-10,155.53810735462991,1757099034.8153286,32.67,1.3317596912384033,124.2
1757099035.8511822,302.974,0.08739896363440465,1.4491424752945856e-10,-6.437707992943459,1757099036.1125557,33.33,1.3434951305389404,-62.900000000000006
1757099038.1720066,302.97,0.08739244788014705,1.452013636533563e-10,-131.60288757171497,1757099038.467781,19.88,2.320824384689331,-62.900000000000006
1757099039.5048494,302.968,0.08739915665431096,1.454922671457625e-10,-93.58715673295563,1757099039.8215268,-7.87,1.3328428268432617,-62.900000000000006
1757099040.8589766,302.967,0.08740289925509429,1.4578121927122797e-10,56.69037058249229,1757099041.1346445,18.73,1.3541271686553955,82.2
1757099044.2181914,302.971,0.08740178691845835,1.460732374611538e-10,157.60945359246656,1757099044.4512308,-8.81,3.3592147827148438,82.2
1757099045.4861772,302.974,0.08740857957071439,1.463641547579895e-10,201.4061721009808,1757099045.7463734,17.06,1.2679858207702637,97.7
1757099046.7811923,302.976,0.08741715367933188,1.46655673315191e-10,168.78457629147738,1757099047.0440657,17.0,1.2950150966644287,97.7
1757099048.0784256,302.978,0.08742901629445214,1.4694641807744117e-10,160.53715364926887,1757099048.4157753,19.55,1.2972333431243896,97.7
1757099050.4721384,302.98199999999997,0.08743746245055806,1.4723327855524345e-10,85.48256647995304,1757099050.7678607,24.35,2.3937127590179443,35.9
1757099053.846842,302.987,0.08735007621263845,1.472641842704534e-10,-175.12076672088148,1757099054.1633863,59.050000000000004,3.3747036457061768,35.9
1757099055.1980243,302.998,0.08561695348036401,1.454870812610141e-10,-1212.448226378624,1757099055.5449278,99.12,1.351182222366333,-714.1
1757099056.5791385,303.001,0.07894041320148631,1.3726280060863067e-10,-2358.883111681046,1757099056.8720467,143.63,1.3811142444610596,-714.1
1757099057.907906,303.0,0.07632685049683566,1.3495320905965031e-10,-1640.8976084167703,1757099058.1747506,108.63,1.3287675380706787,-714.1
1757099059.2081926,302.989,0.07540321471295085,1.3478003114107343e-10,-1393.7490117817683,1757099059.4726896,70.24,1.3002865314483643,-714.1
1757099060.5086296,302.981,0.06889155401519176,1.2957149771288362e-10,-2838.794395135701,1757099060.8294663,133.02,1.3004369735717773,-1293.7
1757099061.8658838,302.971,0.06293163728609197,1.2494784658652588e-10,-2748.4935207040207,1757099062.167874,131.72,1.3572542667388916,-1293.7
1757099063.2033231,302.967,0.05606333271944025,1.1846123710014798e-10,-2719.715796007162,1757099063.476662,145.99,1.3374392986297607,-1293.7
1757099064.5136774,302.957,0.058077077248780355,1.1507424430677057e-10,-2588.926424372118,1757099064.7899814,127.63000000000001,1.310354232788086,-1293.7
1757099065.8270707,302.95799999999997,0.04858009569142902,1.0423013682522801e-10,-3002.4794912595553,1757099066.1251292,174.23,1.3133933544158936,-1304.4
1757099067.1623528,302.939,0.047210625204056354,1.0402687530009912e-10,-2137.2670377429345,1757099067.4402912,78.48,1.3352820873260498,-1304.4
1757099068.4772449,302.907,0.048501870587960356,1.0423414864922971e-10,-2257.916031890381,1757099068.737539,18.22,1.314892053604126,-1304.4
1757099069.7728667,302.847,0.04736273904213178,1.0424759958862161e-10,-2574.930570245268,1757099070.1084046,65.09,1.2956218719482422,-554.4
1757099071.1447754,302.834,0.047283876483922085,1.0444989223466395e-10,-935.602062539414,1757099071.4262805,27.91,1.3719086647033691,-554.4
1757099072.4627655,302.82,0.04733446551141166,1.0465849817771463e-10,-956.6274385386578,1757099072.7247348,15.97,1.3179900646209717,-554.4
