time_sent,temp,internal_resistance,p,innovation,time_recv,current,dt,cooling_power
1757099275.7826858,296.159,0.003877290994037605,9.077323912169213e-09,2770.4242423283094,1757099276.0276203,-8.64,2.3661375045776367,1500.0
1757099277.0664992,296.197,0.008770383384072539,9.092199648305788e-09,2686.34052671485,1757099277.3377283,-14.15,1.2838134765625,1500.0
1757099278.3752482,296.275,0.02753817105585929,9.086970216182587e-09,3880.6784540152357,1757099278.6564767,-23.07,1.3087489604949951,1500.0
1757099279.6928225,296.313,0.02877970788515383,9.104962696606428e-09,2655.9209709666193,1757099279.9676945,-7.16,1.3175742626190186,1500.0
1757099281.0034804,296.351,0.029470129527757453,9.123141940884435e-09,2662.758376617264,1757099281.2640715,5.33,1.3106579780578613,1500.0
1757099282.302982,296.388,0.029466150915396467,9.141357348003808e-09,2642.1321920209775,1757099282.7240684,5.33,1.299501657485962,1500.0
1757099283.7629056,296.463,0.03039553373398186,9.159608989363867e-09,3556.811912486097,1757099284.010112,5.33,1.459923505783081,1500.0
1757099285.0469034,296.501,0.03110069795417262,9.177896936502756e-09,2687.4058299553426,1757099285.3284488,5.33,1.2839977741241455,1500.0
1757099286.3651211,296.575,0.03207905288449922,9.1962212610977e-09,3747.5058664367834,1757099286.6492379,5.33,1.3182177543640137,1500.0
1757099287.685369,296.613,0.03277511861610728,9.214582034965273e-09,2655.393334322974,1757099287.9197788,5.33,1.3202478885650635,1500.0
1757099288.9574246,296.65,0.03353866504175026,9.232967248027357e-09,2667.612916461277,1757099289.1879728,5.55,1.2720556259155273,1500.0
1757099290.2265186,296.688,0.044009871523834024,9.233985017607934e-09,2688.1323189297127,1757099290.4517593,21.27,1.2690939903259277,1500.0
1757099291.4893548,296.769,0.1541861892586312,8.380988525129494e-09,3921.347892396047,1757099291.7754302,57.9,1.262836217880249,1500.0
1757099292.8094156,296.809,0.18140124401779303,8.279178668708133e-09,2516.429950253958,1757099293.0549166,36.14,1.3200607299804688,1500.0
1757099294.0918436,296.851,0.2347016984685435,7.696100938394729e-09,2259.8422822993325,1757099294.351057,55.36,1.2824280261993408,1500.0
1757099295.3883915,296.953,0.2986847766040014,3.2026327500542752e-09,1478.6259199117326,1757099295.7049057,116.24000000000001,1.2965478897094727,1500.0
1757099296.742154,297.013,0.2796009844619885,2.0446203757238877e-09,-700.4564476618925,1757099297.0283935,115.42,1.3537623882293701,1500.0
1757099298.0648327,297.067,0.28801064754834355,1.7358304957073553e-09,516.5624937698012,1757099298.3419433,96.85000000000001,1.322678804397583,1500.0
1757099299.3824456,297.148,0.29306464232083035,1.7374806314623364e-09,3740.01572938703,1757099299.5996935,27.89,1.317612886428833,1500.0
1757099300.6361659,297.192,0.30447144405260723,1.7019183715608524e-09,1847.0888067388928,1757099300.9355896,60.25,1.2537202835083008,1500.0
1757099301.9717944,297.231,0.3053212736551608,1.705223259219994e-09,2617.583764535481,1757099302.2565541,13.81,1.3356285095214844,1500.0
1757099303.2935762,297.26800000000003,0.3046009573846549,1.7086380394379607e-09,2618.697853072763,1757099303.6254442,5.41,1.321781873703003,1500.0
1757099304.6604319,297.352,0.31033035008218424,1.709643506359345e-09,3687.2362175963876,1757099304.9459689,30.150000000000002,1.3668556213378906,1500.0
1757099305.9826152,297.396,0.3210727131998756,1.660767612740749e-09,1508.6474848399082,1757099306.2379851,65.48,1.32218337059021,1500.0
1757099307.2751565,297.439,0.31967945893525596,1.6399135531968689e-09,1915.2117609877903,1757099307.5284,54.56,1.292541265487671,1500.0
1757099308.5657887,297.535,0.33915086007353074,1.4287648234865747e-09,1425.9424586820755,1757099308.804156,97.76,1.2906322479248047,1500.0
1757099313.9372506,297.726,0.33945274743812887,1.4316172290584794e-09,2906.400757985984,1757099314.1783407,-8.53,5.371461868286133,1500.0
1757099315.2142327,297.763,0.3401197786293646,1.434420254128269e-09,2608.2105703443553,1757099315.4825354,-13.38,1.276982069015503,1500.0
1757099316.51605,297.846,0.34816809791875214,1.4320309890250681e-09,3514.293483758207,1757099316.7777333,-39.99,1.3018174171447754,1500.0
1757099317.8122401,297.884,0.3497332483572637,1.4345199322663262e-09,2533.4007211694225,1757099318.106025,-20.740000000000002,1.2961900234222412,1500.0
1757099320.164744,297.962,0.35649067541176116,1.4260251424469483e-09,2012.993256965363,1757099320.4915304,48.53,2.352503776550293,1500.0
1757099321.524419,298.053,0.37325473637423223,1.365933762584108e-09,2161.1519798914733,1757099321.7842858,75.36,1.3596751689910889,1500.0
1757099322.8213189,298.106,0.3638704738763329,1.1907978351906128e-09,-753.9735041055296,1757099323.0803437,102.21000000000001,1.2968997955322266,1500.0
1757099324.1163173,298.155,0.36942458063194644,1.1419428311354614e-09,793.181297006035,1757099324.3950229,78.31,1.2949984073638916,1500.0
1757099325.430956,298.247,0.37931189868699805,1.1354282002216589e-09,3346.8717799449746,1757099325.7102232,51.02,1.314638614654541,1500.0
1757099326.7464023,298.285,0.37993649595835344,1.1376449589175686e-09,2587.0268913724094,1757099327.0249374,14.59,1.315446376800537,1500.0
1757099329.0857964,298.36,0.3804565458790522,1.1398890481452915e-09,2731.584212750621,1757099329.3556304,-12.88,2.3393940925598145,1500.0
1757099330.3919625,298.435,0.3817985415472509,1.1420415633960717e-09,3686.7803122058026,1757099330.6818042,17.830000000000002,1.306166172027588,1500.0
1757099331.7177124,298.474,0.38461315895689435,1.1428017799114388e-09,2276.982782582295,1757099331.9703214,32.88,1.3257498741149902,1500.0
1757099333.0065627,298.512,0.3851715566769533,1.1450460432229608e-09,2620.5862035263185,1757099333.273677,13.68,1.2888503074645996,1500.0
1757099337.3797712,298.704,0.39296830534438004,1.1249870916977586e-09,1665.7070082778775,1757099337.6993191,64.51,4.373208522796631,1500.0
1757099338.7327676,298.746,0.39775415036616923,1.120497469176406e-09,1847.7605767298683,1757099339.0084488,48.07,1.3529963493347168,1500.0
1757099340.043347,298.791,0.4029015562753865,1.0945626721121748e-09,982.8463432550402,1757099340.3240664,69.2,1.3105792999267578,1500.0
1757099341.360193,298.884,0.41314874334926655,1.0858349443250053e-09,3116.7916949125038,1757099341.6824033,55.03,1.3168461322784424,1500.0
1757099342.715956,298.923,0.41383837939990675,1.0879388650555955e-09,2563.722433947724,1757099342.94642,15.71,1.3557629585266113,1500.0
1757099343.9797156,298.96,0.4142740720995068,1.0900917266422875e-09,2623.4779161515744,1757099344.25145,-12.32,1.2637596130371094,1500.0
1757099345.286615,298.999,0.4165473942968528,1.0908304441061843e-09,2253.096301685746,1757099345.5820231,-33.19,1.3068993091583252,1500.0
1757099346.617732,299.075,0.41744784518758277,1.092957753973627e-09,3705.174685212414,1757099346.8426943,-14.89,1.3311171531677246,1500.0
1757099347.879599,299.112,0.41766775642871523,1.0951413356702877e-09,2657.4713973246685,1757099348.1283236,-8.65,1.2618670463562012,1500.0
1757099351.2148497,299.226,0.42170392595142053,1.0938841226901414e-09,2174.622706891123,1757099351.461905,41.18,3.3352506160736084,1500.0
1757099352.498192,299.304,0.4276475733349194,1.0926886427949813e-09,3236.4122623760964,1757099352.8121545,41.01,1.2833423614501953,1500.0
1757099353.8484185,299.344,0.43163327462357975,1.0902891884218003e-09,1863.302297952251,1757099354.1300936,44.28,1.3502264022827148,1500.0
1757099356.1886654,299.42,0.43236761005394825,1.0923999507975124e-09,2708.2010104163573,1757099356.4897885,15.790000000000001,2.3402469158172607,1500.0
1757099357.5265348,299.512,0.44270881273267826,1.0505865749834596e-09,1590.8944554777827,1757099357.7992828,78.65,1.33786940574646,1500.0
1757099358.833855,299.57,0.3993114577235677,8.762646247643247e-10,-3581.172322144531,1757099359.1190143,117.60000000000001,1.3073201179504395,750.0
1757099360.1547031,299.613,0.3470245407031115,7.099988458102592e-10,-4485.611250697293,1757099360.4228752,128.13,1.3208482265472412,750.0
1757099361.4589612,299.706,0.32685760648691337,5.975554641282988e-10,-2061.6695893759243,1757099361.7482529,127.93,1.304258108139038,750.0
1757099362.785365,299.753,0.2901379334229368,4.943078609983975e-10,-3954.6508065119347,1757099363.02439,137.06,1.3264038562774658,750.0
1757099364.061512,299.796,0.273029121605697,4.5132383142956735e-10,-2703.0904607474304,1757099364.3313925,118.43,1.2761468887329102,0.0
1757099365.3666296,299.884,0.2326900402295821,3.4472407552538075e-10,-4456.2112883743885,1757099365.6938982,162.05,1.3051176071166992,0.0
1757099366.7290676,299.907,0.22271789581912804,3.2621622126509763e-10,-2341.902643355569,1757099367.0292659,114.25,1.3624379634857178,0.0
1757099368.065939,299.912,0.22272956371754973,3.268424342298228e-10,57.645567842719146,1757099368.3322287,22.53,1.3368713855743408,0.0
1757099369.3689225,299.942,0.22275138266267605,3.2749726751538063e-10,1682.2014796807105,1757099369.6422942,6.23,1.3029835224151611,750.0
1757099370.6802802,299.96,0.2227714031746445,3.281533071345624e-10,1308.5550797116352,1757099370.921802,7.0600000000000005,1.3113577365875244,750.0
1757099372.9821355,299.999,0.2232658854360768,3.286274109209475e-10,1157.8789653746028,1757099373.2897973,36.1,2.3018553256988525,750.0
1757099374.3240793,300.066,0.22765741455069705,3.211585603304483e-10,1558.328889563492,1757099374.6220236,93.63,1.3419437408447266,1500.0
1757099375.658378,300.111,0.23019745111953865,3.2007732285361186e-10,1937.2696628038561,1757099375.941406,63.97,1.3342986106872559,1500.0
1757099376.9774287,300.171,0.22900064089162706,2.9742985998547825e-10,-258.07423282792433,1757099377.3302617,125.0,1.3190507888793945,1500.0
1757099378.366463,300.269,0.2330015756013005,2.9097456814687634e-10,1525.0868703181222,1757099378.595313,94.96000000000001,1.3890342712402344,750.0
1757099379.6331654,300.296,0.23373234292027256,2.897503447984018e-10,546.4431376379323,1757099379.9137087,68.01,1.26670241355896,750.0
1757099380.9496858,300.317,0.23401684314020108,2.9027579483151746e-10,1220.8691054655746,1757099381.2289119,28.45,1.3165204524993896,750.0
1757099382.2657597,300.337,0.234020423092774,2.907971910184959e-10,1182.6322529424283,1757099382.7085128,-29.060000000000002,1.3160738945007324,750.0
1757099384.769573,300.411,0.2340833601211122,2.9137939387756996e-10,2684.554000284198,1757099385.0279863,9.0,2.5038132667541504,1500.0
1757099386.0642054,300.466,0.23375688667387837,2.7592220816887135e-10,-82.98669107011438,1757099386.3170085,118.79,1.2946324348449707,1500.0
1757099387.3530736,300.58,0.2394603710852523,2.590614468186004e-10,1411.185542149583,1757099387.605118,124.87,1.2888681888580322,1500.0
1757099388.64107,300.656,0.22136131416337992,2.203831938415359e-10,-3137.3662387152385,1757099388.9403322,161.79,1.2879962921142578,750.0
1757099389.9769568,300.694,0.2205800673416311,2.1583945740081703e-10,-353.3183967188693,1757099390.2535913,101.13,1.3358869552612305,750.0
1757099391.2883563,300.741,0.2128476989394359,1.994708968716952e-10,-2162.41197496251,1757099391.5832608,140.48,1.3113994598388672,750.0
1757099392.6193326,300.843,0.21035599868069105,1.8360801640739247e-10,-645.2530687908238,1757099392.904118,145.09,1.3309762477874756,750.0
1757099393.9399927,300.885,0.20624810890145856,1.7756060788278783e-10,-1652.4879817174913,1757099394.2036755,118.38,1.32066011428833,0.0
1757099395.2400303,300.918,0.1962723848546765,1.62724964848329e-10,-3779.3615622954494,1757099395.4817698,151.35,1.3000376224517822,0.0
1757099396.5185492,300.98,0.18473991401572767,1.4732771698522238e-10,-3059.000853532929,1757099396.76108,159.95000000000002,1.2785189151763916,0.0
1757099397.7981296,301.009,0.17888914990543908,1.4108825068827376e-10,-2341.193297932359,1757099398.028471,133.09,1.2795803546905518,0.0
1757099399.0647423,301.016,0.1790620805510223,1.4130563428787705e-10,673.2580327822222,1757099399.3349307,42.53,1.2666127681732178,750.0
1757099400.3698964,301.059,0.17981782303335173,1.4129999567400335e-10,1411.5634108626969,1757099400.6088965,-61.64,1.3051540851593018,750.0
1757099401.6453083,301.079,0.17998786054268065,1.4156450800554417e-10,1229.111652813568,1757099401.9245863,-31.060000000000002,1.27541184425354,750.0
1757099405.0081263,301.163,0.18122331766603453,1.406705046992624e-10,1141.2165623228104,1757099405.2642398,87.65,3.3628180027008057,1500.0
1757099406.3005,301.219,0.18157446523321782,1.3753576622859645e-10,867.7833659727166,1757099406.5570142,115.22,1.2923736572265625,1500.0
1757099407.5928257,301.338,0.18650199785367744,1.3332698990893184e-10,2367.8504447606465,1757099407.8492587,124.99000000000001,1.292325735092163,1500.0
1757099408.8847346,301.398,0.18634403432537014,1.2991660362191087e-10,-82.4726058946344,1757099409.1776052,120.65,1.2919089794158936,750.0
1757099410.2133527,301.423,0.18657927073351896,1.3014069376355694e-10,1256.647826541293,1757099410.4675372,38.25,1.328618049621582,750.0
1757099411.5031567,301.507,0.1807780578915981,1.1861404137072171e-10,-1771.8893451277445,1757099411.7631881,166.15,1.2898039817810059,750.0
1757099412.7979114,301.536,0.18104717222360125,1.1881412656593326e-10,1377.7185154526746,1757099413.0770466,40.4,1.2947547435760498,750.0
1757099414.1119304,301.574,0.17770583572595755,1.1538657131549304e-10,-1774.2003667541603,1757099414.388336,127.81,1.314018964767456,0.0
1757099415.4252212,301.591,0.17631120741927006,1.1430311800500769e-10,-1226.945135100682,1757099415.7017484,99.87,1.3132908344268799,0.0
1757099416.7384307,301.605,0.17510446983224606,1.1344237286998488e-10,-1160.3230114503258,1757099416.9836042,95.7,1.3132095336914062,0.0
1757099418.0189946,301.624,0.17232679470657605,1.1124861762255336e-10,-1801.5702572970076,1757099418.2874575,117.63,1.2805638313293457,0.0
1757099419.3256927,301.651,0.17261043896932846,1.1142197406504331e-10,1259.6574729152392,1757099419.5966487,44.7,1.3066980838775635,750.0
1757099420.6343274,301.672,0.17284967679971372,1.1159552328949252e-10,1074.8903844255576,1757099420.926916,44.7,1.3086347579956055,750.0
1757099421.962632,301.694,0.17309455824401568,1.1176926526928217e-10,1095.0775233486197,1757099422.2739003,44.7,1.3283045291900635,750.0
1757099423.310318,301.728,0.17194275707489293,1.0965324582321124e-10,-599.3772997824451,1757099423.6100585,117.49000000000001,1.3476860523223877,750.0
1757099424.6456594,301.789,0.17230232898388773,1.0900599299357909e-10,390.67364272882355,1757099424.8981862,92.24,1.335341453552246,0.0
1757099425.9334335,301.809,0.16943096753442682,1.0676736804603324e-10,-1851.2582547188342,1757099426.2009902,120.48,1.2877740859985352,0.0
1757099427.2362468,301.823,0.17124539141273787,1.0605331715113664e-10,-1099.5272887811554,1757099427.5392954,95.10000000000001,1.3028132915496826,0.0
1757099428.574012,301.851,0.17156046323196555,1.061985865249847e-10,1197.4619711103687,1757099428.8055828,49.410000000000004,1.3377652168273926,750.0
1757099429.8414361,301.881,0.1715376638294576,1.0525146635397208e-10,-20.85308985913889,1757099430.1574118,100.88,1.2674241065979004,750.0
1757099431.1927338,301.904,0.17169680817424476,1.0544681840227362e-10,1256.661565623481,1757099431.45107,34.4,1.3512976169586182,750.0
1757099432.4882722,301.954,0.17249681463775424,1.0532371274888299e-10,1380.061128584287,1757099432.780973,74.04,1.2955384254455566,750.0
1757099433.816547,301.98,0.1727620977832237,1.0521056168092033e-10,461.0108674048214,1757099434.0518317,73.51,1.3282747268676758,581.2
1757099435.088731,302.008,0.17249824654688267,1.0430631706959686e-10,-249.199435846587,1757099435.3995647,100.35000000000001,1.272184133529663,581.2
1757099436.4383836,302.047,0.17284655518376987,1.0444820512374766e-10,1337.8663563966868,1757099436.677735,49.800000000000004,1.3496525287628174,581.2
1757099437.7149699,302.072,0.172448344532685,1.035184774563026e-10,-378.40769652547533,1757099437.9218233,101.26,1.2765862941741943,581.2
1757099438.9586747,302.093,0.1728155026762239,1.036493570392489e-10,1321.3417125008996,1757099439.1877267,51.660000000000004,1.2437047958374023,1076.5
1757099440.225196,302.124,0.17327241707184032,1.0377899017901357e-10,1619.6814535325473,1757099440.4669485,51.88,1.2665212154388428,1076.5
1757099441.5041237,302.204,0.17519246152641504,1.0271950328581424e-10,1718.119550074496,1757099441.743613,104.37,1.2789278030395508,1076.5
1757099442.7796857,302.256,0.17452117995956298,9.96849231202428e-11,-377.5324988813054,1757099443.0280442,133.31,1.275562047958374,1076.5
1757099444.064013,302.291,0.1749312094022248,9.980726990355898e-11,1478.4190023353462,1757099444.386942,52.79,1.2843272686004639,844.9000000000001
1757099445.4253187,302.363,0.17564842144448323,9.992344012564276e-11,2482.129996811765,1757099445.6815813,53.82,1.3613057136535645,844.9000000000001
1757099446.7181194,302.396,0.17544488824726323,9.87474233351458e-11,-176.05370807899362,1757099446.9617732,108.62,1.2928006649017334,844.9000000000001
1757099448.000096,302.432,0.1755623873564938,9.783150712487161e-11,116.6245169191036,1757099448.2752478,103.57000000000001,1.2819766998291016,844.9000000000001
1757099449.3137906,302.45799999999997,0.1756832615713291,9.799741286030813e-11,1401.2029590172097,1757099449.6141758,42.09,1.3136944770812988,889.3000000000001
1757099450.6490612,302.51800000000003,0.17668708610150524,9.776691292626138e-11,1544.7419798729486,1757099450.9645631,81.66,1.335270643234253,889.3000000000001
1757099452.001582,302.544,0.17689850912660265,9.794145029876468e-11,1425.8843518961785,1757099452.438111,38.64,1.3525207042694092,889.3000000000001
1757099453.4751725,302.597,0.177186757696187,9.811775332955844e-11,2029.2891196374542,1757099453.775032,37.95,1.473590612411499,814.9000000000001
1757099454.8126712,302.624,0.17751496716821752,9.791809486773588e-11,517.2631005465198,1757099455.083813,80.10000000000001,1.337498664855957,814.9000000000001
1757099456.1211395,302.647,0.17768930995697865,9.809531087483888e-11,1300.5446822660213,1757099456.364878,37.49,1.3084683418273926,814.9000000000001
1757099457.4031992,302.695,0.17844334811250273,9.79262017662894e-11,1248.0926906507582,1757099457.6726625,78.51,1.282059669494629,814.9000000000001
1757099458.709115,302.718,0.17857789369030685,9.810649242937612e-11,1091.796698717505,1757099458.9892924,35.88,1.3059158325195312,584.7
1757099460.0285864,302.744,0.17800530340073142,9.716707477971109e-11,-542.3366357607038,1757099460.3369553,104.43,1.3194713592529297,584.7
1757099461.3745472,302.781,0.1783928415688055,9.703771556003326e-11,673.6201917204112,1757099461.6439571,76.53,1.3459608554840088,584.7
1757099462.6812754,302.803,0.17853718990548437,9.691976507327687e-11,263.7612724120622,1757099462.957389,75.88,1.3067281246185303,584.7
1757099463.996946,302.819,0.17856755378181724,9.711317147423446e-11,961.2951669353089,1757099464.2110388,17.18,1.3156707286834717,494.40000000000003
1757099465.2485526,302.832,0.17862353622623936,9.72948500401658e-11,734.4915392548121,1757099465.457499,34.19,1.2516064643859863,494.40000000000003
1757099466.4941578,302.858,0.17874519102800082,9.747828401941838e-11,1165.1696476422092,1757099466.7481523,33.2,1.245605230331421,494.40000000000003
1757099467.7848082,302.871,0.17882769986571487,9.766255002759747e-11,738.1598901728582,1757099468.078305,32.83,1.2906503677368164,494.40000000000003
1757099469.1150203,302.884,0.178873978539486,9.784879111301702e-11,451.81636791078,1757099469.3888724,31.54,1.330212116241455,205.20000000000002
1757099470.427949,302.896,0.17891040530587554,9.803625335246373e-11,435.02524705396183,1757099470.725853,30.78,1.3129286766052246,205.20000000000002
1757099471.7634022,302.905,0.1787628213379441,9.802464401892621e-11,-322.9948390218251,1757099472.0793123,68.18,1.3354532718658447,205.20000000000002
1757099473.1134999,302.912,0.17878542410522566,9.821303006194702e-11,283.2697980287291,1757099473.438796,30.23,1.35009765625,205.20000000000002
1757099474.4750772,302.913,0.1781901468803579,9.820065771743496e-11,-1312.9083976903985,1757099474.7359056,68.21000000000001,1.3615772724151611,-544.8000000000001
1757099475.7729924,302.901,0.17806816418401347,9.838480256351437e-11,-1083.3196390033931,1757099476.414237,33.81,1.2979152202606201,-544.8000000000001
1757099477.45518,302.884,0.1772918947342289,9.837895805767168e-11,-1728.7370425215736,1757099477.7326555,67.64,1.682187557220459,-544.8000000000001
1757099478.7698169,302.876,0.17652846017264479,9.836914397186318e-11,-1675.7112651590344,1757099479.0264137,67.97,1.3146369457244873,-647.9000000000001
1757099480.0649307,302.885,0.16913756676878022,9.479606422588946e-11,-3882.16088819183,1757099480.3177948,141.73,1.2951138019561768,-647.9000000000001
1757099481.3548014,302.94,0.14643420121132783,8.006552849397228e-11,-6402.536723522896,1757099481.6601448,210.46,1.2898707389831543,-647.9000000000001
1757099482.6965783,302.962,0.1395214927283579,7.639762303057905e-11,-3618.2250297027235,1757099483.0812733,158.09,1.3417768478393555,-647.9000000000001
1757099484.118446,303.006,0.11832756674996421,6.51409299898048e-11,-6801.26330097065,1757099484.4040349,218.71,1.421867847442627,-1397.9
1757099485.4447236,303.068,0.0991721717381384,5.3850856423595977e-11,-6241.182767599511,1757099485.680355,238.75,1.326277494430542,-1397.9
1757099486.716906,303.097,0.08818955403539258,4.852833289437968e-11,-4968.6199267116945,1757099486.9661055,213.4,1.2721824645996094,-1397.9
1757099488.0027568,303.109,0.08231580395924464,4.6213228001945196e-11,-3879.511060240182,1757099488.4261765,181.01,1.2858507633209229,-1397.9
1757099489.4632776,303.109,0.07799300504037708,4.4850189475022876e-11,-3644.12794857287,1757099489.7587874,162.71,1.4605207443237305,-1500.0
1757099490.7955856,303.097,0.07545971262090542,4.431040177944249e-11,-3211.2796062337184,1757099491.0372736,133.35,1.332308053970337,-1500.0
1757099492.0716155,303.096,0.07116369160035677,4.29229455808473e-11,-3596.3142282723256,1757099492.3794823,166.83,1.2760298252105713,-1500.0
1757099493.4175382,303.06600000000003,0.0658824908901198,4.1523677360747746e-11,-4407.126440934543,1757099493.6554313,169.82,1.3459227085113525,-1500.0
1757099494.6900861,303.043,0.0653373439158857,4.1560729559027474e-11,-2527.11716201434,1757099494.9704163,71.88,1.272547960281372,-1500.0
1757099496.0076659,303.012,0.06474213128628926,4.159657982452215e-11,-2746.573309350721,1757099496.3397443,72.34,1.317579746246338,-1500.0
1757099497.3751924,302.95,0.06395203939645623,4.1632367592850974e-11,-3614.7334525847473,1757099497.6723256,72.36,1.3675265312194824,-1500.0
1757099498.7086282,302.93399999999997,0.061510524241896194,4.106831031366874e-11,-3055.464323212849,1757099498.9751408,139.43,1.3334357738494873,-1367.6000000000001
1757099500.0099719,302.912,0.061008469187354,4.110423939627949e-11,-2330.3110112684612,1757099500.306329,72.36,1.3013436794281006,-1367.6000000000001
1757099501.3431315,302.85699999999997,0.060293930882516805,4.113954069246933e-11,-3302.343641367609,1757099501.6460657,72.60000000000001,1.3331596851348877,-1367.6000000000001
1757099502.6832287,302.83,0.059757028057095096,4.117483189132366e-11,-2455.8354893491855,1757099502.9777534,72.60000000000001,1.340097188949585,-1367.6000000000001
1757099504.0157533,302.802,0.05941074267565034,4.121595570261711e-11,-1717.556934461629,1757099504.290335,70.24,1.3325245380401611,-617.6
1757099505.3279831,302.773,0.05935590409688304,4.129728204842981e-11,-1517.5371195976213,1757099505.6176808,-29.38,1.312229871749878,-617.6
1757099506.6571262,302.757,0.059357728894670184,4.138003760727999e-11,-1067.5988176170192,1757099506.928397,-7.17,1.3291430473327637,-617.6
1757099507.9663382,302.744,0.05926860261822664,4.145605183823287e-11,-1099.4554531356378,1757099508.2343066,44.78,1.3092119693756104,-617.6
1757099509.2721932,302.73,0.05933284603363347,4.1533674126182085e-11,-367.64251009954387,1757099509.5141034,42.17,1.3058550357818604,132.4
1757099510.5513928,302.746,0.059395928521161635,4.151250035349453e-11,204.29265864539218,1757099510.8272684,88.17,1.2791996002197266,132.4
1757099511.864001,302.759,0.05943311723389822,4.1493032682430244e-11,103.48848083060625,1757099512.1287556,87.82000000000001,1.312608242034912,132.4
1757099513.1654477,302.773,0.05947394596785831,4.1473622142540174e-11,137.3916064719462,1757099513.4387333,87.82000000000001,1.3014466762542725,132.4
1757099514.4756665,302.798,0.05958847406087596,4.145570419368321e-11,373.18451124587256,1757099514.790293,87.51,1.3102188110351562,32.800000000000004
1757099515.8259575,302.817,0.059484827713801876,4.1218380568487705e-11,-186.52440812873397,1757099516.0629098,116.96000000000001,1.3502910137176514,32.800000000000004
1757099517.0998495,302.823,0.05949074543133186,4.129618177268215e-11,155.09366483782298,1757099517.3638437,40.96,1.2738919258117676,32.800000000000004
1757099518.4011493,302.855,0.05957280143598659,4.1373683106373296e-11,1142.129205012507,1757099518.6625056,41.86,1.301299810409546,230.3
1757099519.6984754,302.876,0.05960904972917779,4.1114562441168047e-11,67.04748035842556,1757099519.959661,119.02,1.2973260879516602,230.3
1757099520.9973998,302.887,0.05964626462027298,4.1191635551946134e-11,497.19028688213626,1757099521.2398772,42.08,1.298924446105957,230.3
1757099522.2768364,302.895,0.05963978536900397,4.126888364509642e-11,409.14917801140217,1757099522.5727997,42.0,1.2794365882873535,230.3
1757099523.6119673,302.95,0.05948207373037766,4.0513377553579744e-11,-174.27095564525598,1757099523.9181094,149.56,1.3351309299468994,-519.7
1757099524.9562888,302.969,0.058305715776287556,3.974373104029634e-11,-1286.6191918993866,1757099525.187824,151.54,1.3443214893341064,-519.7
1757099526.2252657,302.988,0.0571371519484153,3.8951152884430046e-11,-1269.803138636468,1757099526.487844,153.99,1.2689769268035889,-519.7
1757099527.5253675,303.03,0.05652918561456627,3.808375615237367e-11,-635.9365543565775,1757099527.7837198,158.81,1.3001017570495605,-519.7
1757099528.8191314,303.053,0.0545002566539418,3.7142495494199244e-11,-2039.5095799732776,1757099529.097164,163.69,1.2937638759613037,-1269.7
1757099530.134699,303.05899999999997,0.051939655205901394,3.6187596430531245e-11,-2559.239454842772,1757099530.4017315,166.27,1.3155677318572998,-1269.7
1757099531.438709,303.049,0.05160652508736749,3.622597834210487e-11,-1805.7042521970006,1757099531.7147217,71.4,1.3040099143981934,-1269.7
1757099532.7550566,303.049,0.048720836178940095,3.5173337792653874e-11,-2766.8653847260875,1757099533.060631,172.3,1.316347599029541,-1269.7
1757099534.097644,303.05899999999997,0.04594930802873345,3.412035810165315e-11,-2656.701436304167,1757099534.429256,174.83,1.3425874710083008,-1500.0
1757099535.4660735,303.022,0.04346347501653919,3.3679590376927984e-11,-3510.9942747124696,1757099535.7639048,145.01,1.36842942237854,-1500.0
1757099536.7988565,303.014,0.0416032180835247,3.324044984166433e-11,-2628.4402774536816,1757099537.055582,145.78,1.3327829837799072,-1500.0
1757099538.0942233,302.99,0.041125731254274114,3.3269468487306945e-11,-2447.3828905208557,1757099538.3394365,76.32000000000001,1.2953667640686035,-1500.0
1757099539.3785474,302.949,0.040724064749736964,3.330256145293581e-11,-2216.3568442120027,1757099539.6115277,74.16,1.2843241691589355,-750.0
1757099540.6489303,302.93399999999997,0.04058641894707657,3.3358919927638264e-11,-1311.3273531504394,1757099540.9626029,55.26,1.2703828811645508,-750.0
1757099542.001149,302.927,0.04000095541063038,3.325433857231559e-11,-1426.3222273817103,1757099542.2928815,111.44,1.3522186279296875,-750.0
1757099543.3292978,302.915,0.040470710711661764,3.331105805357479e-11,-1197.7219495146908,1757099543.5952425,54.68,1.3281488418579102,-750.0
1757099544.6349144,302.904,0.040390520513203985,3.33689722130651e-11,-845.3769369447951,1757099547.9188597,53.08,1.3056166172027588,-429.3
1757099548.95562,302.902,0.03949814735597769,3.302248192908986e-11,-1395.8190878154905,1757099549.2019587,139.1,4.3207056522369385,-630.2
1757099550.23827,302.892,0.04035362731827172,3.3087204799031877e-11,-953.7524917467646,1757099550.519482,33.95,1.2826499938964844,-630.2
1757099551.5557854,302.878,0.04025132154471859,3.314584154539358e-11,-1126.8524532841407,1757099551.8831718,51.4,1.3175153732299805,-630.2
1757099552.9201164,302.865,0.04015630270087792,3.320475845572106e-11,-1081.496130077692,1757099553.2102423,51.08,1.3643310070037842,-630.2
1757099554.246205,302.859,0.03996013127370353,3.314765391682216e-11,-825.8816500539914,1757099554.5361814,102.9,1.3260886669158936,-253.20000000000002
1757099555.5720913,302.855,0.03992565926216965,3.3207837115697164e-11,-434.595714895711,1757099555.8878963,48.78,1.3258862495422363,-253.20000000000002
1757099556.9244614,302.851,0.039896702924056233,3.3268391137915165e-11,-430.09035118129634,1757099557.214875,48.24,1.352370023727417,-253.20000000000002
1757099558.2518928,302.847,0.03989740498200619,3.332931913485548e-11,-430.18205497746106,1757099558.5341444,47.68,1.3274314403533936,-253.20000000000002
1757099559.570429,302.85,0.039899443656,3.339530055958171e-11,-19.53855084095754,1757099559.8929186,29.2,1.3185362815856934,-110.5
1757099560.9305434,302.849,0.039886672201883674,3.345728163065997e-11,-189.57389603985249,1757099561.162757,45.84,1.360114336013794,-110.5
1757099562.1985967,302.855,0.039812893388785915,3.343059979798797e-11,-252.2081615726985,1757099562.4550078,95.63,1.2680532932281494,-110.5
1757099563.4929397,302.856,0.039823709612566566,3.349299844176772e-11,202.22701257227922,1757099563.7178657,44.99,1.2943429946899414,217.8
1757099564.7552235,302.878,0.03999068717005577,3.329168520440737e-11,330.7702151032994,1757099564.9657507,124.5,1.2622838020324707,217.8
1757099566.0025299,302.905,0.04024441750681513,3.3090457584306986e-11,493.48716667931376,1757099566.2689695,124.82000000000001,1.2473063468933105,217.8
1757099567.3066845,302.921,0.040066416395151544,3.313965868449247e-11,584.3091016024019,1757099567.540847,62.82,1.304154634475708,217.8
1757099568.5781443,302.95799999999997,0.040206559424585876,3.318895112169497e-11,1043.9640124177904,1757099568.8259223,62.78,1.2714598178863525,5.300000000000001
1757099569.8632824,302.963,0.04021470734040616,3.323804956239773e-11,35.68280404309982,1757099570.1425695,63.0,1.2851381301879883,5.300000000000001
1757099571.1837442,302.98,0.04016154078375657,3.30212554967111e-11,-91.41754927437137,1757099571.4435236,126.7,1.3204617500305176,5.300000000000001
1757099572.480188,302.995,0.04020543588553336,3.306951636171246e-11,339.56300022347466,1757099572.7394867,63.61,1.2964437007904053,5.300000000000001
1757099573.7757666,303.012,0.03978233979420887,3.2826268491631975e-11,-772.3119653138591,1757099573.9960487,129.88,1.2955787181854248,-652.8000000000001
1757099575.0338285,303.003,0.039704584928300375,3.2886310492504614e-11,-995.3149347112244,1757099575.3045707,48.0,1.2580618858337402,-652.8000000000001
1757099576.3426845,302.995,0.03962761579118298,3.2946451795076324e-11,-953.5702810872026,1757099576.618985,48.0,1.3088560104370117,-652.8000000000001
1757099577.6567144,302.997,0.038946242219032874,3.2700816902170636e-11,-1230.6133115997025,1757099577.9372075,130.35,1.3140299320220947,-652.8000000000001
1757099578.973026,302.992,0.038874252430573034,3.27473835600723e-11,-550.181626513474,1757099579.233478,64.84,1.3163115978240967,-269.5
1757099580.270575,302.99,0.038885984436917924,3.279373019670345e-11,-461.1759305336008,1757099580.548722,65.06,1.2975490093231201,-269.5
1757099581.585731,302.98,0.038873612453617916,3.285862916799925e-11,-572.3105957239767,1757099581.8464835,29.52,1.3151559829711914,-269.5
1757099582.884012,302.975,0.038837384970369926,3.291967142861886e-11,-470.4637545460406,1757099583.174336,45.89,1.298280954360962,-269.5
1757099586.2576904,302.985,0.03866561719552382,3.2765243535247786e-11,-372.69575568392384,1757099586.5222452,119.5,3.37367844581604,28.900000000000002
1757099587.5592098,303.01,0.03879985440241363,3.2613070039294116e-11,279.15032011417895,1757099587.8400354,119.43,1.3015193939208984,28.900000000000002
1757099588.8757236,303.019,0.03880320885216297,3.266489475076855e-11,27.590296649939688,1757099589.137635,59.67,1.3165137767791748,-142.1
1757099590.1730173,303.031,0.03865545795363884,3.250343866196884e-11,-304.48898073944963,1757099590.454897,120.85000000000001,1.2972936630249023,-142.1
1757099591.491321,303.037,0.0385933155456288,3.249542496977756e-11,-246.8329907158119,1757099591.7466838,91.18,1.3183038234710693,-142.1
1757099592.7826498,303.052,0.038492249458782796,3.233589579651289e-11,-206.95174570681104,1757099593.0605397,120.86,1.2913286685943604,-142.1
1757099594.096536,303.079,0.037758655529661636,3.180843084475508e-11,-959.1124074091944,1757099594.3833919,154.83,1.3138861656188965,-892.1
1757099595.4193335,303.072,0.036199072452462455,3.125573841804017e-11,-2007.610437072724,1757099595.744201,157.72,1.3227975368499756,-892.1
1757099596.7837284,303.074,0.03549378224939035,3.105824742220959e-11,-1390.45336883428,1757099597.0264423,127.88000000000001,1.3643949031829834,-892.1
1757099598.063051,303.074,0.03474078791679596,3.08515469982237e-11,-1450.977476154913,1757099598.3034368,129.37,1.279322624206543,-892.1
1757099599.338352,303.064,0.03455402345229796,3.089419738662089e-11,-1343.4139341883854,1757099599.5926986,66.94,1.2753009796142578,-909.7
1757099600.6290486,303.05899999999997,0.03367738652030403,3.0667455498474004e-11,-1631.8016301116054,1757099600.983288,132.05,1.290696620941162,-909.7
1757099602.0190136,303.048,0.03349167732657061,3.070927696361518e-11,-1344.3455282260159,1757099602.3035207,67.54,1.3899650573730469,-909.7
1757099603.343846,303.03,0.033457985343507905,3.0750859257513973e-11,-1571.9886964345667,1757099603.6040196,67.77,1.3248324394226074,-909.7
1757099604.641341,303.019,0.03336594916257472,3.080889044997177e-11,-1568.9622463091082,1757099604.9441626,44.11,1.297494888305664,-1200.2
1757099605.9802194,302.999,0.03266153327420359,3.0758948655329574e-11,-2123.7961244067055,1757099606.2103224,104.14,1.3388783931732178,-1200.2
1757099607.2468677,302.997,0.03206955988584536,3.0373031775847147e-11,-1958.132462297775,1757099607.4895222,147.87,1.266648292541504,-1200.2
1757099608.5264604,302.986,0.028888539978027344,2.915791471896056e-11,-2877.4267796861322,1757099609.1995215,194.73000000000002,1.279592752456665,-1352.8000000000002
1757099610.238717,302.96500000000003,0.03195803678650504,2.9212775466085005e-11,-1873.4812830840438,1757099610.4832494,45.230000000000004,1.712256669998169,-1352.8000000000002
1757099611.520181,302.937,0.030067539973886656,2.8842429935453117e-11,-2911.118601182467,1757099611.8293762,150.13,1.281463861465454,-1352.8000000000002
1757099612.8664734,302.911,0.029940922768848223,2.8896632212005343e-11,-2151.963889678314,1757099613.110348,45.56,1.346292495727539,-1352.8000000000002
1757099614.1477675,302.902,0.02891405432386119,2.8550685246630703e-11,-1625.7776406073729,1757099614.3704925,148.67000000000002,1.2812941074371338,-717.9000000000001
1757099615.4070737,302.884,0.028425955596846082,2.8512221466818076e-11,-1567.4837168421323,1757099615.6586432,104.07000000000001,1.2593061923980713,-717.9000000000001
1757099616.6990473,302.895,0.027832417992930607,2.818222608278554e-11,-967.0065294112226,1757099617.0877705,148.08,1.29197359085083,-717.9000000000001
1757099618.122784,302.885,0.02777551877382532,2.823583273008399e-11,-1016.8819318631505,1757099618.3881736,43.56,1.423736572265625,-717.9000000000001
1757099619.4287307,302.887,0.027672481585306004,2.8206744662075608e-11,-367.89141755997434,1757099619.731876,101.79,1.3059468269348145,-175.5
1757099620.7693791,302.897,0.0276320406515431,2.8177774461209483e-11,-130.0175062910672,1757099621.294564,101.79,1.3406484127044678,-175.5
1757099622.336878,302.916,0.027646502686854188,2.8148888038230193e-11,56.57152148047135,1757099622.6096983,101.8,1.5674989223480225,-175.5
1757099623.649275,302.916,0.02765476978131561,2.8203002180218533e-11,99.53759704434782,1757099623.909278,41.22,1.3123970031738281,112.10000000000001
1757099624.947448,302.929,0.027726018485357547,2.8177542104401195e-11,265.88781608090125,1757099625.250451,100.73,1.298172950744629,112.10000000000001
1757099626.288527,302.959,0.02791946553206505,2.789124986630445e-11,463.084543458667,1757099626.626648,144.44,1.3410789966583252,112.10000000000001
1757099627.663876,302.993,0.028237840727832392,2.761602582946913e-11,555.6560734412433,1757099627.9801204,143.92000000000002,1.3753490447998047,112.10000000000001
1757099629.0177758,303.003,0.02825268916772073,2.766944547573778e-11,289.36655045005784,1757099629.2463088,39.81,1.3538997173309326,4.4
1757099630.2830327,303.025,0.028327427267409725,2.740697507295173e-11,155.95246809410185,1757099630.504098,143.02,1.2652568817138672,4.4
1757099631.5413396,303.041,0.028402328227725693,2.7389616438739414e-11,269.37900975784845,1757099631.8488543,99.01,1.2583069801330566,4.4
1757099632.885421,303.067,0.028529629256238583,2.71374883217185e-11,235.26894592534154,1757099633.1311324,142.49,1.3440814018249512,4.4
1757099634.1672997,303.074,0.028531691571673862,2.7189916106323924e-11,38.249529070476775,1757099634.435506,40.33,1.2818787097930908,-168.5
1757099635.4720612,303.1,0.02859339979624197,2.7230573712168442e-11,539.2226622707634,1757099635.6911664,65.71000000000001,1.3047614097595215,-168.5
1757099636.7278678,303.101,0.028563112696963062,2.7270999340836684e-11,-226.13281786521424,1757099636.9744637,66.03,1.2558066844940186,-168.5
1757099638.010922,303.118,0.02844584373727863,2.7002350362672738e-11,-201.96735320553876,1757099638.2565699,144.68,1.2830541133880615,-168.5
1757099639.293123,303.121,0.02854936471146922,2.7054285805991523e-11,-227.9236235437394,1757099639.5343542,41.53,1.2822010517120361,-307.40000000000003
1757099640.5715735,303.141,0.028577329364021003,2.7093640508247325e-11,224.23610889500029,1757099640.8524768,67.07000000000001,1.2784504890441895,-307.40000000000003
1757099641.8895123,303.138,0.028519288595781636,2.7132744471213535e-11,-492.7034921410742,1757099642.160398,67.39,1.3179388046264648,-307.40000000000003
1757099643.195932,303.153,0.028271741561855083,2.684749397055642e-11,-428.68084247697595,1757099643.4964986,146.87,1.3064196109771729,-307.40000000000003
1757099644.533734,303.171,0.02787854701880738,2.6481974866110105e-11,-609.2806122921063,1757099644.824533,155.76,1.3378021717071533,-496.20000000000005
1757099645.862917,303.172,0.027807461403160802,2.6518580073691062e-11,-565.4895914455155,1757099646.1757336,69.55,1.3291828632354736,-496.20000000000005
1757099647.2123961,303.165,0.02770565166598306,2.6554859178528623e-11,-803.7827429716024,1757099647.4485686,69.92,1.3494791984558105,-496.20000000000005
1757099648.48607,303.178,0.027672588082715145,2.6590297869824296e-11,-280.68567437068316,1757099648.7341924,70.8,1.2736737728118896,-584.9
1757099649.7716954,303.169,0.02753947736033527,2.662542568335491e-11,-968.9105192208569,1757099650.041227,71.13,1.2856254577636719,-584.9
1757099651.07857,303.161,0.02741408299484016,2.666056566413221e-11,-933.2270195681181,1757099651.331181,71.14,1.3068745136260986,-584.9
1757099652.3693938,303.144,0.027245971223179646,2.6695727963652887e-11,-1214.0890901204937,1757099652.6051795,71.14,1.2908239364624023,-584.9
1757099653.6432478,303.14,0.0269065684505286,2.6652233535633826e-11,-1104.7374287958492,1757099653.8712425,108.0,1.2738540172576904,-696.9000000000001
1757099654.9102983,303.138,0.026587629957194978,2.660893148830139e-11,-1038.4828037215684,1757099655.1642647,108.01,1.2670505046844482,-696.9000000000001
1757099656.201541,303.151,0.026041292801727525,2.6273149153970228e-11,-886.1323727648205,1757099656.4431438,153.52,1.2912425994873047,-696.9000000000001
1757099657.4809349,303.133,0.02596791836376441,2.6322624548636367e-11,-1279.0762888474055,1757099657.765211,46.27,1.2793939113616943,-696.9000000000001
1757099658.8018498,303.141,0.025122974099654524,2.597855236450932e-11,-1354.8467027031138,1757099659.0649931,155.13,1.3209149837493896,-1007.1
1757099660.0999227,303.13,0.02491906287655513,2.6011248128414002e-11,-1444.4677232092467,1757099660.6993043,73.13,1.2980728149414062,-1007.1
1757099661.7400095,303.093,0.024637909342848197,2.6043608117748614e-11,-2007.1771428075656,1757099662.0169706,73.46000000000001,1.6400868892669678,-1007.1
1757099663.0539417,303.075,0.024407472699097512,2.60759729780607e-11,-1652.0125737565709,1757099663.2972887,73.47,1.313932180404663,-1007.1
1757099664.33514,303.056,0.02401274288152,2.60333007286693e-11,-1291.7048057418042,1757099664.625684,108.69,1.281198263168335,-446.20000000000005
1757099665.6652462,303.061,0.02384270902243971,2.5990818140787555e-11,-544.7452854813852,1757099665.9510396,108.7,1.330106258392334,-446.20000000000005
1757099666.9881692,303.06600000000003,0.023673853476691608,2.594855852854232e-11,-541.8997272435729,1757099667.2844362,108.7,1.322922945022583,-446.20000000000005
1757099668.322189,303.086,0.02360618257216227,2.5620310790693972e-11,-381.9812724352629,1757099668.6373022,154.57,1.3340198993682861,-446.20000000000005
1757099669.6754315,303.086,0.023547242751535268,2.5653559217298653e-11,-466.70143186086955,1757099669.9350946,72.4,1.3532423973083496,-378.1
1757099670.9733896,303.08299999999997,0.02347475003886156,2.568681727721633e-11,-558.7260092114562,1757099671.237966,72.41,1.2979581356048584,-378.1
1757099672.2757907,303.099,0.023286807479208516,2.5350969646844294e-11,-426.11694737590244,1757099672.578086,156.09,1.302401065826416,-378.1
1757099673.6158934,303.102,0.02323663916019781,2.538309882297756e-11,-390.62440219012416,1757099673.8831184,73.36,1.3401026725769043,-389.90000000000003
1757099674.9210565,303.12,0.022945690117852264,2.4966493273922385e-11,-434.4648347822988,1757099675.1623693,164.72,1.3051631450653076,-389.90000000000003
1757099676.2003245,303.12,0.02293116987895167,2.5014287745760255e-11,-398.00282546891304,1757099676.497253,43.49,1.2792680263519287,-389.90000000000003
1757099677.534988,303.139,0.022938087476585475,2.506216735209766e-11,170.5359311158202,1757099677.7952845,43.5,1.3346633911132812,-389.90000000000003
1757099678.830373,303.141,0.02267726419394752,2.5010385047299204e-11,-824.3050094171225,1757099679.130348,112.89,1.2953851222991943,-629.0
1757099680.1684306,303.128,0.022675845763374038,2.5060488287296702e-11,-985.420855642955,1757099680.4073539,12.97,1.338057518005371,-629.0
1757099682.4693725,303.093,0.02226951202300445,2.503102721285719e-11,-1456.495475688936,1757099682.7932258,106.11,2.3009419441223145,-629.0
1757099683.8298607,303.08299999999997,0.022241146851665748,2.5079078851809653e-11,-628.0498113751726,1757099684.100277,42.800000000000004,1.3604881763458252,-328.90000000000003
1757099685.137154,303.076,0.02221531433814929,2.5127304464280883e-11,-547.5035893516483,1757099685.3906486,42.36,1.30729341506958,-328.90000000000003
1757099686.4287744,303.074,0.02220311012167069,2.5175817406979747e-11,-393.50764590491525,1757099686.732212,41.29,1.2916202545166016,-328.90000000000003
1757099687.7683887,303.075,0.02207642944382171,2.5161876943230286e-11,-487.58536541581935,1757099688.0851543,100.36,1.3396143913269043,-328.90000000000003
1757099689.1224964,303.08,0.021963132295847534,2.514856587253434e-11,-463.50332741188447,1757099689.4151227,100.13,1.3541076183319092,-424.70000000000005
1757099690.4525511,303.072,0.021750121450897296,2.5137325791404932e-11,-846.3998108657618,1757099690.7135434,99.32000000000001,1.330054759979248,-424.70000000000005
1757099691.7512782,303.074,0.02161748438085871,2.5127419095939165e-11,-540.3724707723436,1757099691.9663506,98.79,1.298727035522461,-424.70000000000005
1757099693.0030112,303.077,0.021496236497986192,2.5117539995910375e-11,-504.8815684371132,1757099693.3003688,98.79,1.2517330646514893,-424.70000000000005
1757099694.3389516,303.088,0.02134620360859241,2.502024440945068e-11,-401.4526919241408,1757099694.616288,123.74000000000001,1.3359403610229492,-436.20000000000005
1757099695.6516936,303.088,0.021296692145037755,2.5058694170167477e-11,-493.1357448486956,1757099695.9116297,65.68,1.312741994857788,-436.20000000000005
1757099696.9504502,303.101,0.02103121928886218,2.4792918374245196e-11,-481.18165726106514,1757099697.2130291,150.1,1.2987565994262695,-436.20000000000005
1757099698.2509747,303.102,0.021249053888141137,2.4830561921085636e-11,-464.379606747108,1757099698.5203674,66.47,1.3005244731903076,-436.20000000000005
1757099699.5590909,303.139,0.02100857119008725,2.4568466359749772e-11,-435.0617249127728,1757099699.8040187,150.29,1.3081161975860596,-1119.9
1757099700.8417888,303.124,0.020801043483152905,2.4601828966593574e-11,-1659.0873392163624,1757099701.0949335,71.55,1.2826979160308838,-1119.9
1757099702.1310074,303.099,0.02070079048900197,2.4648413041276608e-11,-1902.9944727514956,1757099702.4582593,45.99,1.2892186641693115,-1119.9
1757099703.4949973,303.047,0.020615934462132106,2.4695839249778503e-11,-1894.3811922547782,1757099703.8235707,42.39,1.3639898300170898,-369.90000000000003
1757099704.8640857,303.039,0.020598513312950616,2.4744039689642602e-11,-598.203436340711,1757099705.136453,38.1,1.3690884113311768,-369.90000000000003
1757099706.173375,303.039,0.020465916358996552,2.4732110611940195e-11,-541.2775579269567,1757099706.4234126,100.08,1.3092892169952393,-369.90000000000003
1757099709.5060794,303.02,0.020373091247299142,2.4736640008593588e-11,-457.0754990677773,1757099709.7863178,92.58,3.332704544067383,-88.9
1757099710.8220427,303.043,0.020487605558830186,2.4551499702906223e-11,243.9077488503932,1757099711.116246,140.14000000000001,1.3159632682800293,-88.9
1757099712.1524327,303.052,0.020502767971175246,2.459244468144066e-11,140.53962775997164,1757099712.3983085,60.78,1.3303899765014648,-88.9
1757099713.4342165,303.053,0.020497777901949583,2.4640966143379888e-11,-80.49966288092217,1757099713.700009,33.47,1.2817838191986084,-123.7
1757099714.7362902,303.05,0.020498983148022287,2.469031670946172e-11,-185.25749611232538,1757099714.9893305,-14.91,1.3020737171173096,-123.7
1757099717.0474646,303.043,0.02049494669881219,2.4739305156209433e-11,-228.02068847975656,1757099717.320332,29.93,2.3111743927001953,-123.7
1757099719.3769622,303.034,0.020482652586250268,2.47878358720696e-11,-227.07010544285046,1757099719.778298,-36.13,2.3294975757598877,-81.0
1757099720.8161273,303.047,0.020502657270941547,2.475663940551791e-11,79.80278906844629,1757099721.0994813,-107.09,1.4391651153564453,-81.0
1757099722.1341105,303.074,0.020675025848945584,2.4527817863134798e-11,333.5739610808715,1757099722.3937714,-146.26,1.3179831504821777,-81.0
1757099723.4282308,303.098,0.02070787092465726,2.4573627371913812e-11,481.96950387722876,1757099723.6976495,-48.51,1.2941203117370605,-245.10000000000002
1757099724.7306051,303.092,0.020708930731656073,2.4622865832571437e-11,-396.14551879500107,1757099725.0275042,10.47,1.3023743629455566,-245.10000000000002
1757099726.0660357,303.097,0.02063895936130871,2.4606058146766545e-11,-276.57825014001696,1757099726.3135004,102.17,1.33543062210083,-245.10000000000002
1757099727.3485014,303.163,0.02154968229642639,2.4055150305626858e-11,1188.7396279465538,1757099727.650047,178.36,1.2824656963348389,-245.10000000000002
1757099728.685722,303.171,0.021485373260356967,2.407621215171462e-11,-392.4759651319238,1757099729.0104887,82.7,1.3372206687927246,-519.5
1757099730.046698,303.175,0.02126895576810975,2.4013246439859662e-11,-664.357113092371,1757099730.334468,117.71000000000001,1.360975980758667,-519.5
1757099731.36965,303.172,0.021269599453088837,2.4061368693184792e-11,-575.1332920438002,1757099731.6565003,-5.38,1.3229517936706543,-519.5
1757099732.6947243,303.166,0.02113064254239035,2.408036518785764e-11,-815.7057887803858,1757099732.985632,84.23,1.3250744342803955,-519.5
1757099734.0231793,303.164,0.020981404092521957,2.409218244042697e-11,-779.0151477312388,1757099734.3241355,88.98,1.3284549713134766,-587.1
1757099735.3598552,303.14300000000003,0.02075147362673724,2.411084491629057e-11,-1328.6841172367633,1757099735.6338756,84.46000000000001,1.3366758823394775,-587.1
1757099736.670724,303.139,0.0205899377387216,2.4122614613484333e-11,-837.8806404831861,1757099736.9515169,88.99,1.310868740081787,-587.1
1757099737.9880452,303.156,0.020257689949438946,2.3806414061506796e-11,-554.5865601636353,1757099738.2165046,158.65,1.3173213005065918,-587.1
1757099739.2534728,303.166,0.020252016943105872,2.367639039545291e-11,-804.7040728451943,1757099739.5422032,133.19,1.265427589416504,-790.5
1757099740.5779016,303.163,0.0200335720878156,2.367924609058237e-11,-1025.8725913442377,1757099740.8499591,94.39,1.3244287967681885,-790.5
1757099741.8870456,303.147,0.01997712302469106,2.372498756239754e-11,-1278.0258291265645,1757099742.154771,41.76,1.3091440200805664,-790.5
1757099743.1890757,303.147,0.01947398117873729,2.3571535642576906e-11,-1133.4847635815654,1757099743.4750385,137.62,1.302030086517334,-790.5
1757099744.5109987,303.168,0.019015665042342707,2.3049687401297757e-11,-609.6540059557638,1757099744.77642,179.81,1.321923017501831,-650.0
1757099745.8145065,303.171,0.01882037424247444,2.3023695451960167e-11,-744.1778129757674,1757099746.156863,107.94,1.3035078048706055,-650.0
1757099747.1918664,303.183,0.018478059383817653,2.281477354560571e-11,-680.8357219835352,1757099747.4399865,148.37,1.3773598670959473,-650.0
1757099748.4754515,303.185,0.01821622327092201,2.276983297758401e-11,-877.7842413394931,1757099748.7193613,114.88,1.2835850715637207,-731.7
1757099749.754703,303.17,0.018203503725965662,2.281526699820119e-11,-1175.5928750909563,1757099750.0034058,24.8,1.2792515754699707,-731.7
1757099751.0382016,303.166,0.01787412298772049,2.2767009182573154e-11,-1065.1996088804563,1757099751.26463,115.92,1.2834985256195068,-731.7
1757099752.3009222,303.166,0.017909874170862778,2.2717530353422487e-11,-942.7443563939131,1757099752.5939069,116.39,1.2627205848693848,-731.7
1757099753.6280777,303.159,0.017077320534588027,2.2449792888740525e-11,-1498.069704845059,1757099753.9013784,157.35,1.327155590057373,-879.5
1757099754.9363372,303.144,0.017055719760211488,2.2494442006988762e-11,-1315.9267629811384,1757099755.1735396,28.64,1.3082594871520996,-879.5
1757099756.2095876,303.127,0.01686951067352776,2.2522832825190852e-11,-1475.1168446886156,1757099756.491189,75.72,1.2732503414154053,-879.5
1757099757.526751,303.122,0.01685378637476456,2.256770992652034e-11,-1007.7901672014166,1757099757.7961116,26.7,1.3171634674072266,-879.5
1757099758.8296573,303.1,0.016841356772832484,2.2612866597975198e-11,-1039.0180715022766,1757099759.1081042,-19.18,1.3029062747955322,-393.8
1757099760.1454334,303.121,0.01675032451461837,2.232147407002189e-11,-155.70320280803048,1757099760.5576587,160.63,1.3157761096954346,-393.8
1757099761.5977545,303.153,0.016806081484686992,2.205596464884141e-11,101.39171273669808,1757099761.8446202,158.36,1.4523210525512695,-393.8
1757099762.8795822,303.2,0.017152988276486675,2.1199866623949243e-11,369.0772203830709,1757099763.1087942,209.37,1.281827688217163,-393.8
1757099764.1455522,303.205,0.017126615073203094,2.123868277025849e-11,-386.1232229169621,1757099764.4127731,53.4,1.26596999168396,-530.6
1757099765.4494584,303.178,0.017120796083810248,2.1281197187703394e-11,-1327.4622728004945,1757099765.774736,-18.05,1.3039062023162842,-530.6
1757099766.8155856,303.164,0.017113501298758327,2.1323793881665335e-11,-910.0388158170042,1757099767.0397437,-18.3,1.3661272525787354,-530.6
1757099768.0771537,303.15,0.017104541559467386,2.136649342460401e-11,-942.9217812840117,1757099768.3639271,-16.46,1.2615680694580078,-530.6
1757099769.3991356,303.165,0.016868818183009733,2.1179574292096177e-11,-484.9313123019077,1757099769.6757164,150.03,1.3219819068908691,-588.6
1757099770.7123692,303.169,0.016691218515484597,2.1146250112256987e-11,-650.6623347108896,1757099770.9897602,113.99000000000001,1.3132336139678955,-588.6
1757099772.0259082,303.186,0.016468026118361973,2.0930064792794786e-11,-439.2230975644536,1757099772.2940884,155.39000000000001,1.3135390281677246,-588.6
1757099773.3306494,303.18,0.016649194662646062,2.096926026347191e-11,-778.3839170525366,1757099773.5838468,50.0,1.3047411441802979,-588.6
1757099774.6198823,303.177,0.01663171601264701,2.101092476425692e-11,-966.2594486257016,1757099774.879324,30.01,1.2892329692840576,-893.9000000000001
1757099775.917711,303.183,0.016014314024966985,2.0744134489917486e-11,-1115.9957372783238,1757099776.20225,163.08,1.2978286743164062,-893.9000000000001
1757099777.2375507,303.182,0.016303819746464686,2.0700860836995452e-11,-1122.102576258323,1757099777.5138848,118.5,1.3198397159576416,-893.9000000000001
1757099778.5493374,303.179,0.01597322814779576,2.064854704494689e-11,-1069.3771886461004,1757099778.8167129,121.65,1.3117866516113281,-772.4000000000001
1757099779.8540902,303.168,0.015898031846564107,2.0685819144173744e-11,-1123.0038168574688,1757099780.0981288,55.660000000000004,1.3047528266906738,-772.4000000000001
1757099783.1863859,303.109,0.015864227540673157,2.072667558467773e-11,-1462.7350427736578,1757099783.4548535,-34.35,3.3322956562042236,-772.4000000000001
1757099784.491815,303.08,0.01585250099403926,2.076817319464555e-11,-1203.6760701016262,1757099784.7428362,-17.32,1.305429220199585,-347.0
1757099785.7797964,303.076,0.01580249276643573,2.0801017875202865e-11,-507.259411855076,1757099786.0305402,67.1,1.2879812717437744,-347.0
1757099787.067141,303.135,0.016511665696175185,1.9698922028699217e-11,684.47932992844,1757099787.2782762,229.74,1.2873446941375732,-347.0
1757099788.3149807,303.181,0.016208186523230892,1.918510973172855e-11,556.6169443976875,1757099788.5389998,195.51,1.2478396892547607,-347.0
1757099789.5751746,303.221,0.016223356539794734,1.897564905274123e-11,27.000227686936398,1757099789.856228,161.46,1.2601938247680664,-853.6
1757099790.893302,303.237,0.01582337489485213,1.8748429401708646e-11,-775.5424246211486,1757099791.1664512,165.16,1.3181273937225342,-853.6
1757099792.2032082,303.237,0.015529805291964795,1.870948188447524e-11,-1051.210437959739,1757099792.4790547,121.47,1.309906244277954,-853.6
1757099793.5162466,303.258,0.015351064349347021,1.8639854567358458e-11,-548.2812230234344,1757099793.813769,132.32,1.3130383491516113,-950.9000000000001
1757099794.852742,303.257,0.014981957306630746,1.858243200783838e-11,-1198.5371109533003,1757099795.063767,128.55,1.3364953994750977,-950.9000000000001
1757099796.0993142,303.258,0.014581448389225204,1.8501058405515283e-11,-1160.9305574851153,1757099796.3878584,136.22,1.2465722560882568,-950.9000000000001
1757099797.423579,303.243,0.01448129399257443,1.8533314921370725e-11,-1421.96083798001,1757099797.6580834,61.2,1.3242647647857666,-950.9000000000001
1757099800.7423277,303.187,0.01445123514531619,1.8569969543586423e-11,-1304.4290037025314,1757099801.0924544,34.46,3.318748712539673,-649.2
1757099802.1279142,303.177,0.014315066918617779,1.8589179045669748e-11,-1006.0827770099445,1757099802.440931,84.94,1.3855865001678467,-649.2
1757099803.4792886,303.148,0.014290001017483827,1.8625891377644166e-11,-1290.3341281134844,1757099803.7690685,-35.33,1.3513743877410889,-451.0
1757099804.8057108,303.138,0.014277267946216745,1.8662913621314663e-11,-730.0088767327145,1757099805.0717978,30.57,1.3264222145080566,-451.0
1757099806.1075666,303.127,0.014270260472465903,1.8700151225770238e-11,-762.8057386351379,1757099806.3909733,26.13,1.3018558025360107,-451.0
1757099807.431436,303.127,0.014105464734813252,1.866668082203657e-11,-618.8990654033043,1757099807.7080588,119.34,1.3238694667816162,-451.0
1757099808.742894,303.123,0.014086780438499081,1.8701817578382345e-11,-487.2271771682446,1757099809.0035155,50.480000000000004,1.311457872390747,-364.8
1757099810.0381927,303.117,0.014063354215682193,1.873695599164963e-11,-550.847118094624,1757099810.3196816,50.81,1.2952988147735596,-364.8
